8
0
88
2
25
93
98
25
32
7
28
25
80
40
13
85
40
12
52
59
34
46
41
57
30
87
45
45
4
73
15
41
9
9
52
87
57
58
28
36
4
51
7
70
80
82
5
58
10
40
46
65
56
55
58
88
62
97
66
45
16
51
99
96
37
2
83
58
58
2
81
64
88
3
77
69
36
24
98
83
20
3
7
9
96
80
30
35
3
20
87
74
80
12
18
45
38
41
35
79
25
40
65
65
33
79
94
14
30
1
99
7
25
68
72
31
33
74
39
60
67
64
96
59
80
45
40
37
83
9
69
29
88
85
20
17
76
68
16
7
46
52
97
19
46
59
33
20
67
84
62
40
89
58
54
91
26
14
83
20
76
70
75
15
96
52
40
53
55
88
23
96
62
61
1
74
84
44
37
58
88
15
80
21
11
54
70
15
2
54
49
89
54
21
22
92
22
10
53
74
54
81
24
50
53
70
4
84
84
60
13
72
78
57
52
89
4
55
87
34
38
95
37
75
62
49
38
82
38
9
85
15
46
57
3
67
67
54
8
42
89
68
28
87
18
34
39
58
61
14
67
14
75
57
85
11
83
65
39
85
13
28
88
1
86
78
29
81
82
66
26
39
89
16
97
65
27
45
73
5
84
91
1
93
45
24
12
31
98
68
81
87
43
81
34
37
24
65
1
64
57
79
5
8
81
37
93
92
55
71
80
28
31
21
91
84
82
33
11
22
41
81
45
27
73
64
64
78
55
92
43
90
0
54
52
30
51
81
48
21
46
64
40
82
42
37
70
24
94
79
96
23
41
55
92
22
57
5
1
49
39
13
59
64
41
93
38
66
76
22
40
32
80
69
3
44
49
51
93
44
63
27
84
76
26
2
31
94
43
91
97
87
55
99
89
6
37
95
95
94
72
58
39
80
20
79
45
2
64
88
56
10
53
26
75
82
94
1
13
99
57
48
63
75
17
26
12
78
81
29
88
37
53
22
27
55
5
90
54
5
21
26
70
88
78
50
98
20
12
98
96
25
97
80
11
87
18
14
4
7
95
18
6
5
14
57
31
78
8
89
91
32
2
24
57
99
30
15
13
68
15
91
76
85
61
24
48
58
82
55
34
41
23
48
14
17
14
77
63
40
42
38
0
33
81
99
22
75
79
59
45
92
2
33
84
6
63
63
81
24
75
47
28
15
93
15
7
37
66
88
93
41
33
68
80
73
89
96
33
23
39
70
59
43
99
45
73
81
50
3
33
34
29
83
45
6
91
6
66
21
47
16
6
10
37
33
75
40
93
18
94
60
86
42
7
62
9
49
82
69
14
66
27
13
20
67
82
98
60
66
74
93
43
21
12
47
75
43
24
0
12
43
34
86
95
79
30
88
96
41
26
79
16
52
33
30
5
16
22
76
59
10
24
33
17
64
88
83
11
6
74
63
21
25
24
84
67
37
33
34
46
92
50
1
58
8
15
83
37
54
11
65
51
88
3
99
39
78
64
73
46
81
78
37
80
97
16
22
36
70
36
52
71
79
39
13
89
81
50
31
62
81
89
42
80
6
44
92
91
0
3
31
99
28
63
8
21
63
53
57
50
99
5
41
23
72
36
6
65
98
99
41
71
90
76
16
53
80
82
36
3
49
29
36
52
75
9
74
70
17
77
62
55
57
94
0
45
87
6
9
84
25
89
30
26
40
34
15
94
30
40
83
43
40
69
11
74
49
94
31
51
71
35
17
58
72
66
91
74
50
30
0
72
71
27
86
41
21
52
90
46
91
96
6
20
70
65
4
33
77
81
42
45
95
34
18
81
29
24
85
89
53
52
17
96
82
42
77
0
36
83
33
5
56
69
24
90
47
32
36
80
74
7
37
94
52
93
94
31
87
56
7
84
63
68
90
68
89
75
35
37
93
9
17
3
49
7
4
67
98
6
71
63
52
83
76
24
71
71
48
62
51
79
4
98
21
40
31
22
39
12
14
28
28
19
41
90
36
2
52
34
55
93
66
6
63
76
60
17
15
13
7
16
6
48
94
89
45
22
41
14
58
85
68
4
18
74
91
98
33
17
64
92
75
98
31
71
41
56
48
97
92
49
90
70
73
15
43
71
97
61
1
18
15
73
80
69
55
93
83
34
60
42
36
58
33
35
63
40
38
20
8
79
15
16
77
14
92
86
1
18
26
40
37
26
36
24
71
24
95
8
32
73
92
20
47
31
98
21
94
52
77
63
98
2
11
18
26
62
0
82
7
1
69
65
90
39
19
75
1
