397
555
498
685
732
879
659
147
803
550
944
91
884
956
162
361
338
78
707
981
404
71
747
428
815
229
187
46
527
804
212
271
784
344
452
754
846
986
749
439
204
432
483
549
800
606
427
704
438
477
983
394
126
228
924
712
560
422
603
311
94
737
490
631
845
347
491
4
366
173
307
961
771
250
644
916
932
335
27
482
164
582
115
89
798
805
514
185
703
367
151
359
829
988
538
1
627
501
506
170
380
462
218
266
596
774
999
480
68
713
183
430
523
281
526
12
726
993
317
215
654
383
276
265
579
450
192
92
321
193
329
182
738
960
37
934
674
950
849
930
181
42
69
799
468
866
540
294
539
79
497
641
99
567
376
230
816
17
113
785
16
296
742
744
942
306
408
167
157
624
310
233
900
148
279
8
388
18
997
128
617
331
77
454
323
684
275
31
3
908
739
718
698
661
919
959
862
508
657
213
773
682
165
358
349
474
51
955
401
811
273
776
56
722
787
207
752
26
781
241
926
524
578
965
356
532
87
315
107
19
328
590
238
29
826
828
856
189
593
73
867
300
649
888
767
602
129
957
580
493
299
933
721
717
653
58
72
314
598
303
972
766
863
871
47
621
939
594
283
66
969
898
861
140
57
143
953
298
929
559
237
970
735
103
650
352
946
533
130
943
465
466
153
764
391
249
464
435
406
35
911
640
521
420
15
786
473
948
625
692
994
267
921
494
443
883
76
543
670
138
425
475
84
240
154
88
354
399
330
444
833
416
714
199
24
175
662
7
864
105
324
600
813
711
716
96
772
316
277
697
690
355
658
481
22
794
591
824
802
210
278
599
131
788
146
779
818
64
211
628
20
387
614
206
134
293
854
135
81
179
633
86
909
637
489
305
756
442
112
729
699
478
116
286
727
836
925
476
246
198
977
995
216
608
337
616
841
263
385
782
775
502
53
869
414
121
745
106
448
648
455
402
623
424
576
587
227
492
503
156
870
996
45
556
643
259
760
292
369
585
746
987
333
429
436
982
851
254
962
345
857
234
110
409
751
499
44
513
896
837
765
834
974
223
447
97
705
200
958
792
882
679
951
796
236
63
119
55
645
282
976
938
677
780
50
554
517
844
651
583
895
615
38
190
789
495
496
497
498
499
500
501
502
503
504
505
506
507
508
509
510
511
512
513
514
515
516
517
518
519
520
521
522
523
524
525
526
527
528
529
530
531
532
533
534
535
536
537
538
539
540
541
542
543
544
545
546
547
548
549
550
551
552
553
554
555
556
557
558
559
560
561
562
563
564
565
566
567
568
569
570
571
572
573
574
575
576
577
578
579
580
581
582
583
584
585
586
587
588
589
590
591
592
593
594
595
596
597
598
599
600
601
602
603
604
605
606
607
608
609
610
611
612
613
614
615
616
617
618
619
620
621
622
623
624
625
626
627
628
629
630
631
632
633
634
635
636
637
638
639
640
641
642
643
644
645
646
647
648
649
650
651
652
653
654
655
656
657
658
659
660
661
662
663
664
665
666
667
668
669
670
671
672
673
674
675
676
677
678
679
680
681
682
683
684
685
686
687
688
689
690
691
692
693
694
695
696
697
698
699
700
701
702
703
704
705
706
707
708
709
710
711
712
713
714
715
716
717
718
719
720
721
722
723
724
725
726
727
728
729
730
731
732
733
734
735
736
737
738
739
740
741
742
743
744
745
746
747
748
749
750
751
752
753
754
755
756
757
758
759
760
761
762
763
764
765
766
767
768
769
770
771
772
773
774
775
776
777
778
779
780
781
782
783
784
785
786
787
788
789
790
791
792
793
794
795
796
797
798
799
800
801
802
803
804
805
806
807
808
809
810
811
812
813
814
815
816
817
818
819
820
821
822
823
824
825
826
827
828
829
830
831
832
833
834
835
836
837
838
839
840
841
842
843
844
845
846
847
848
849
850
851
852
853
854
855
856
857
858
859
860
861
862
863
864
865
866
867
868
869
870
871
872
873
874
875
876
877
878
879
880
881
882
883
884
885
886
887
888
889
890
891
892
893
894
895
896
897
898
899
900
901
902
903
904
905
906
907
908
909
910
911
912
913
914
915
916
917
918
919
920
921
922
923
924
925
926
927
928
929
930
931
932
933
934
935
936
937
938
939
940
941
942
943
944
945
946
947
948
949
950
951
952
953
954
955
956
957
958
959
960
961
962
963
964
965
966
967
968
969
970
971
972
973
974
975
976
977
978
979
980
981
982
983
984
985
986
987
988
989
990
991
992
993
994
36
75
586
313
936
