7721
2611
5634
2472
3323
178
4570
5215
2111
1910
471
3164
7526
4043
4780
3336
5658
3788
3090
6724
9482
8258
6387
1656
9315
3879
744
3009
3409
2013
331
2496
8272
7681
5274
8338
7734
3790
1612
5038
1765
8996
8679
6667
1567
7122
4494
2921
7177
7584
2646
2
9314
831
3510
4382
355
8078
5158
4369
7887
3727
1768
1397
9042
9603
8864
8107
1214
7329
691
1338
6263
5545
4120
6859
3767
418
8383
1978
1298
888
4151
6896
7262
6137
4720
7020
6368
9216
5530
3957
6819
6204
3720
8908
4233
3106
1306
6987
4711
6474
2376
9704
1294
8077
7384
6433
4619
7452
4862
7485
5203
7596
1820
5427
1620
7108
6714
1167
5334
3372
7844
8220
7033
7015
5121
3762
5852
8760
7366
6980
646
1243
3471
3881
6033
3567
1776
8098
4724
8064
9941
886
7140
3825
5049
2289
4332
9897
9944
2844
7254
7605
823
5466
736
8221
3596
5614
9831
2865
3068
4821
1020
5878
6215
8377
5248
5596
1005
7131
40
4945
6066
4587
266
3382
9094
9364
1157
9823
6596
4572
577
9636
859
7879
6106
3258
9949
3687
2234
4512
1844
7614
8918
1991
5764
4797
9890
6873
9325
9501
8055
9067
7039
603
9978
6494
1337
5371
3114
5949
8707
420
6590
5235
1857
4531
6925
1537
3908
3813
8594
4432
5649
7718
5364
2694
5267
9449
8360
5013
7106
9627
4558
1753
4529
9214
843
2968
5081
4199
98
4020
1504
4960
7603
4016
3022
5657
5089
7212
3151
57
3477
733
7413
5173
4241
3096
1262
5491
2620
1951
8816
6513
4772
871
463
730
5840
1367
8158
191
7285
7299
8730
7788
0
2382
8963
2191
4703
7478
2227
4952
6587
7673
4601
7642
1280
8655
3147
8903
5233
974
4403
9346
6442
9336
1547
1364
8179
6615
2465
5069
1659
2778
1819
4987
1887
1724
3573
8994
9667
2857
8453
1106
8638
5887
2056
1014
5867
1332
7973
4145
5888
1632
5356
248
2911
5891
2014
2666
2136
5759
1698
1076
2736
8269
4518
381
2723
4584
7575
1637
447
9401
9540
8071
2107
9324
2419
7859
9870
7959
8505
9706
6253
4490
5194
9765
597
3107
7379
2512
5313
9984
6014
6457
3181
1718
190
1193
564
3575
9279
2871
9235
3929
286
4686
9263
529
8955
5980
3826
1746
3032
4264
835
5542
8358
82
4228
327
4374
6530
5671
1668
4011
1880
5905
5700
1521
3155
6850
3227
7592
8582
2070
9639
7537
9564
2724
4791
3656
3661
3205
879
4396
7236
7075
4493
2689
5206
9150
42
1825
9366
1038
932
3408
7999
5385
583
3438
5939
7731
3530
6383
3396
1420
4540
6332
9740
7855
2028
6640
1230
155
9010
9849
2641
1974
739
5898
9771
276
5090
1078
5305
8511
6528
1571
3924
8585
6279
9157
3406
2718
494
5584
5040
7193
4491
647
5200
3731
5750
2077
1208
3931
562
1003
1286
3716
8193
7056
950
117
8017
6783
4099
3482
9700
7405
7863
2540
4309
2788
9862
1923
120
4625
5644
2300
8914
817
2489
4630
7706
333
9313
5499
2554
4967
7337
2793
6674
1660
3344
1987
4809
7758
3167
4904
4298
9446
2150
7951
139
241
9393
7463
6238
9405
620
1088
4496
1842
7442
2492
2749
2592
8711
1423
109
1977
9334
2964
2826
2890
9006
6915
9236
7954
8467
6378
4180
3347
1983
6895
1655
1475
2922
1802
1774
821
8021
3499
1686
1314
7746
8743
6372
380
2428
9796
680
5944
6777
7835
2306
7996
3081
9611
2693
3712
531
6025
4044
8399
2604
8753
2631
7894
7816
2167
4609
4577
7355
6173
9417
9963
8065
9597
1160
3798
8954
6374
9382
687
6252
9624
7934
3946
9514
6793
569
5048
9615
2026
7278
9942
9723
66
2872
3365
9886
9939
7556
4729
4477
9199
7302
7277
6861
5804
6965
4026
5660
6841
6811
6243
7290
7713
1484
9642
1072
9967
896
4181
525
1797
362
8665
686
2365
6962
8423
8813
3413
4106
3740
5972
8801
6047
352
9657
4926
4074
468
7895
3469
5991
2484
3630
8076
7409
5827
7689
8412
2542
96
1495
6722
3110
6509
8844
4015
6088
758
8781
6661
7754
9133
229
2140
2033
1215
5979
2217
2919
6510
4652
295
1322
9543
8222
5279
3737
9415
1277
9227
3627
3062
543
8240
5904
8072
5340
5676
5771
3283
6264
9816
2048
6089
7503
4200
4783
4931
8045
2913
4171
1435
4517
4908
8717
2481
6644
7105
9860
4717
6551
670
1879
8373
5191
3703
941
3158
5337
5595
1934
8181
2622
876
9702
4682
1170
5821
3153
853
628
6607
9755
3091
4571
5470
390
4316
893
7139
5078
4137
6897
3002
413
1418
3980
2103
2291
4457
2448
7040
8387
8329
929
5556
8034
431
8550
488
1555
2573
6348
6206
2821
8251
3584
3534
8299
5952
9855
3178
6116
5954
7111
7542
7857
2011
2513
4906
5393
8002
1506
6652
3536
302
282
8838
9763
3296
6799
3102
2184
2720
3958
5396
9626
8862
7904
4031
5347
31
8288
3011
2981
5004
2396
5928
6108
8913
8808
6544
2071
8235
1610
7550
2420
2541
4842
7701
8722
632
6281
5410
1626
9622
9130
8637
2246
2599
3470
4631
3554
5292
3862
523
6436
8962
354
2648
4105
6431
2581
3339
6193
8853
6683
7356
8885
6031
8859
8969
43
6547
3595
2556
7594
4209
4372
8998
778
7773
6468
1968
1779
3000
8023
1920
8799
6280
7162
4882
4446
1639
9871
4127
1043
5359
5869
4009
8152
5244
6302
7921
9758
3884
7488
6015
5252
6484
1312
7275
4459
9632
4852
3001
7451
6424
4975
1459
8516
3055
1493
6006
1446
2098
5668
9168
3501
1936
1993
8909
9154
8559
7724
742
6171
8394
5961
6579
816
7604
1231
3631
9416
2663
1055
5984
1719
6557
2895
3359
7853
1117
802
8249
8945
2661
7940
8767
2105
3474
649
866
9672
2480
6123
4638
789
4887
3410
6234
8035
9476
4115
4574
819
3810
8612
9426
5209
7889
1888
1909
400
223
8187
6913
9649
6968
5487
5290
3940
491
3139
7554
9205
8460
8520
8666
4163
4553
3314
8101
3422
9490
1366
8689
7035
1346
3208
9908
6219
814
640
7975
2325
2994
7133
1817
2183
625
7565
510
8274
4157
9350
9155
493
5455
5189
4018
991
3648
7683
6773
7326
6120
9494
9589
4308
7436
8755
1865
8298
7264
3913
6265
5268
3343
2546
4206
4739
2189
2954
8172
8830
4239
4706
7269
3325
126
6158
2337
587
268
4768
9388
9813
9050
2617
3721
9291
4801
5481
8177
9121
9844
5722
5489
7414
9341
8290
9696
2715
6549
8122
8432
3479
8620
4807
7168
7653
19
10
260
7654
2811
1854
9156
5915
3390
5009
5122
8599
2732
4378
8895
2782
7069
6988
6959
2275
8450
8668
7664
6415
4423
4409
2296
3544
9189
1928
8752
8040
8507
5308
5458
9805
8775
4426
9782
757
3379
5056
5067
2655
6342
869
4375
8310
7214
262
795
8831
5041
8901
2414
6259
1013
8393
764
6983
8794
1335
6068
8482
2245
5922
2846
5494
735
2054
6713
2393
2779
3729
3679
1824
1357
1674
1838
3518
316
4633
497
195
2003
3328
2881
6845
6977
2989
160
5174
237
7241
5675
7121
3104
4201
321
8255
406
2983
9713
9454
1575
7440
9952
4999
9017
4175
4503
1530
6495
1787
5706
7774
4080
8829
6606
74
6386
4866
2705
663
6355
2032
2035
2233
8237
2241
392
4806
550
8043
3183
2889
1389
5570
593
8629
9472
8324
9888
6635
3726
6881
1304
4698
530
2313
2443
716
148
1396
6684
5777
9281
8212
1994
9557
3792
3404
9902
7081
7328
9576
1030
5586
1350
7766
6139
6645
8471
3377
1049
3163
8929
9104
5720
5565
1270
2446
8990
7610
8858
1959
4032
4365
5577
3048
2407
2559
6874
3748
3489
8061
2038
6679
9585
5907
1812
4938
1107
5854
5521
8244
3045
2456
987
8218
7993
3807
1057
5696
9633
722
4592
445
6809
3645
6511
4648
1945
4977
8611
6307
999
8832
8555
8230
7837
6829
452
7510
8318
8185
1670
2794
8618
5124
8417
9070
1132
7327
4838
2084
4464
9587
6400
4468
6922
8424
5920
7389
1681
9828
8839
4027
8248
1775
9499
35
9411
4295
8523
9496
4818
3123
3738
7378
1542
4391
3289
3233
4361
8654
6390
1407
7195
6221
5809
2092
3610
9777
1254
4733
5106
6489
4956
4547
6319
3917
5588
246
7579
3685
8608
8384
4236
2639
8631
7215
409
7536
7924
41
7433
4530
4701
1092
6898
8217
273
979
2742
6826
8889
3039
2160
9810
3240
1209
1956
5052
2152
9360
2161
1127
5912
1985
1972
9761
1074
8183
4501
344
8074
8352
5779
134
37
8847
7258
7073
6540
5099
110
7661
1666
705
7727
8180
5162
5063
9452
4662
6831
1376
7772
4525
6278
7151
7077
7322
8639
359
7764
8256
2024
189
5005
8875
2669
7983
3411
612
9049
6250
1234
8348
8132
8845
2097
9259
6639
1425
2984
4050
6864
9925
1672
8297
6312
740
5646
6291
7961
4534
7165
5784
3509
830
1155
9075
5100
6529
149
4036
9053
2945
100
3236
4958
7291
2545
3452
8379
4060
2400
3432
6497
6577
7101
5378
7834
6641
3005
2155
3601
2866
5431
3231
7158
9625
2238
1906
648
1840
9644
9827
4723
325
6129
4100
7906
2893
4516
1094
1453
2358
3959
6382
7066
7626
651
5443
2829
8770
7331
6026
8678
5873
4406
8684
8303
7628
8404
6835
9257
9638
3387
8542
7779
6527
5012
9040
6535
3778
7095
4313
9824
9295
4139
7577
9546
3817
6258
7233
5474
4645
383
9271
6638
9414
7019
3755
2838
6274
299
942
1925
2498
7181
7166
7688
3261
4850
7226
6585
1778
1784
8681
5994
5617
4770
2016
7744
5881
467
7811
3915
5310
3201
8937
9582
2458
4691
7826
3263
3545
2477
2060
4116
7343
3098
2675
1955
7234
6492
557
8403
5472
6781
5097
6023
5261
5287
3069
781
4260
4
8719
5580
8382
6695
6350
4472
3073
3935
4737
4817
5754
6366
1589
3602
989
1595
1241
424
2086
5727
4278
8921
2672
300
305
1942
3076
5437
7827
8115
3334
6512
2166
4333
7743
5520
5540
6553
3442
5819
2213
2075
3426
4371
4549
4643
3834
2841
2828
8491
2469
6519
6064
4943
6805
5927
4147
3302
1305
2367
1871
2467
846
5190
6675
8073
4410
2571
6467
27
7054
159
8006
3237
7518
7091
5552
4644
4108
7352
1796
8616
3491
9566
4179
6370
8142
3403
5874
4025
9081
2504
9339
1570
5800
3623
3651
4434
6316
8368
8941
2148
3868
2587
8016
188
5152
776
7096
4177
1129
8873
2432
9620
8396
3617
1216
137
3692
2019
440
39
2281
665
703
7950
465
393
870
6560
3358
5223
6888
8912
1600
3666
7524
4182
4944
5551
7931
7160
3801
5065
9795
8680
1858
7868
6110
7330
103
4742
5083
5445
3777
5890
1496
8971
2616
4267
3638
6837
4905
7925
1893
7448
5566
3733
1976
6399
9709
4736
849
7388
3670
6499
1480
4985
3321
3829
5135
1822
6921
16
398
5195
3097
7009
184
700
448
5392
4708
2506
9177
7201
1355
2636
5273
9884
62
8436
234
7314
7237
164
5424
1593
794
5629
6768
8323
8783
4438
8246
2449
8397
6503
545
5880
4133
1058
8049
1011
3054
7769
1503
3850
9547
7041
1741
8726
3222
6453
3680
8092
4694
9212
3373
4687
3539
3769
89
2647
623
4461
9230
7107
9424
5249
3650
3271
2371
2619
6756
724
3316
7541
8426
8428
3906
8597
8950
6676
7347
9333
9440
1093
9233
6174
8231
9809
261
4168
6135
7767
6229
4135
7545
8702
3572
5105
6800
6903
7001
9091
1424
7153
6401
4193
9621
4930
7280
7803
9115
7410
1795
8751
4504
2020
4351
7038
2783
7747
5953
5756
2128
1562
6058
7063
4982
9448
3058
971
7873
5533
6932
2682
5441
5026
3285
4065
584
9140
635
2361
3990
972
8673
3629
9906
1636
7385
5197
8821
9731
486
777
9469
1489
4134
5986
2435
7802
9606
1588
3540
1061
890
1317
9151
5611
92
5747
9529
4693
5935
1052
8381
1592
186
502
144
6505
5816
4568
1247
1551
7221
6001
1134
4689
5271
7336
8340
1185
119
1494
5550
1324
3704
1524
605
4436
8018
4738
1399
7933
4637
5883
6384
2403
5985
8762
8519
851
8044
8118
5362
2060
2061
2062
2063
2064
2065
2066
2067
2068
2069
2070
2071
2072
2073
2074
2075
2076
2077
2078
2079
2080
2081
2082
2083
2084
2085
2086
2087
2088
2089
2090
2091
2092
2093
2094
2095
2096
2097
2098
2099
2100
2101
2102
2103
2104
2105
2106
2107
2108
2109
2110
2111
2112
2113
2114
2115
2116
2117
2118
2119
2120
2121
2122
2123
2124
2125
2126
2127
2128
2129
2130
2131
2132
2133
2134
2135
2136
2137
2138
2139
2140
2141
2142
2143
2144
2145
2146
2147
2148
2149
2150
2151
2152
2153
2154
2155
2156
2157
2158
2159
2160
2161
2162
2163
2164
2165
2166
2167
2168
2169
2170
2171
2172
2173
2174
2175
2176
2177
2178
2179
2180
2181
2182
2183
2184
2185
2186
2187
2188
2189
2190
2191
2192
2193
2194
2195
2196
2197
2198
2199
2200
2201
2202
2203
2204
2205
2206
2207
2208
2209
2210
2211
2212
2213
2214
2215
2216
2217
2218
2219
2220
2221
2222
2223
2224
2225
2226
2227
2228
2229
2230
2231
2232
2233
2234
2235
2236
2237
2238
2239
2240
2241
2242
2243
2244
2245
2246
2247
2248
2249
2250
2251
2252
2253
2254
2255
2256
2257
2258
2259
2260
2261
2262
2263
2264
2265
2266
2267
2268
2269
2270
2271
2272
2273
2274
2275
2276
2277
2278
2279
2280
2281
2282
2283
2284
2285
2286
2287
2288
2289
2290
2291
2292
2293
2294
2295
2296
2297
2298
2299
2300
2301
2302
2303
2304
2305
2306
2307
2308
2309
2310
2311
2312
2313
2314
2315
2316
2317
2318
2319
2320
2321
2322
2323
2324
2325
2326
2327
2328
2329
2330
2331
2332
2333
2334
2335
2336
2337
2338
2339
2340
2341
2342
2343
2344
2345
2346
2347
2348
2349
2350
2351
2352
2353
2354
2355
2356
2357
2358
2359
2360
2361
2362
2363
2364
2365
2366
2367
2368
2369
2370
2371
2372
2373
2374
2375
2376
2377
2378
2379
2380
2381
2382
2383
2384
2385
2386
2387
2388
2389
2390
2391
2392
2393
2394
2395
2396
2397
2398
2399
2400
2401
2402
2403
2404
2405
2406
2407
2408
2409
2410
2411
2412
2413
2414
2415
2416
2417
2418
2419
2420
2421
2422
2423
2424
2425
2426
2427
2428
2429
2430
2431
2432
2433
2434
2435
2436
2437
2438
2439
2440
2441
2442
2443
2444
2445
2446
2447
2448
2449
2450
2451
2452
2453
2454
2455
2456
2457
2458
2459
2460
2461
2462
2463
2464
2465
2466
2467
2468
2469
2470
2471
2472
2473
2474
2475
2476
2477
2478
2479
2480
2481
2482
2483
2484
2485
2486
2487
2488
2489
2490
2491
2492
2493
2494
2495
2496
2497
2498
2499
2500
2501
2502
2503
2504
2505
2506
2507
2508
2509
2510
2511
2512
2513
2514
2515
2516
2517
2518
2519
2520
2521
2522
2523
2524
2525
2526
2527
2528
2529
2530
2531
2532
2533
2534
2535
2536
2537
2538
2539
2540
2541
2542
2543
2544
2545
2546
2547
2548
2549
2550
2551
2552
2553
2554
2555
2556
2557
2558
2559
2560
2561
2562
2563
2564
2565
2566
2567
2568
2569
2570
2571
2572
2573
2574
2575
2576
2577
2578
2579
2580
2581
2582
2583
2584
2585
2586
2587
2588
2589
2590
2591
2592
2593
2594
2595
2596
2597
2598
2599
2600
2601
2602
2603
2604
2605
2606
2607
2608
2609
2610
2611
2612
2613
2614
2615
2616
2617
2618
2619
2620
2621
2622
2623
2624
2625
2626
2627
2628
2629
2630
2631
2632
2633
2634
2635
2636
2637
2638
2639
2640
2641
2642
2643
2644
2645
2646
2647
2648
2649
2650
2651
2652
2653
2654
2655
2656
2657
2658
2659
2660
2661
2662
2663
2664
2665
2666
2667
2668
2669
2670
2671
2672
2673
2674
2675
2676
2677
2678
2679
2680
2681
2682
2683
2684
2685
2686
2687
2688
2689
2690
2691
2692
2693
2694
2695
2696
2697
2698
2699
2700
2701
2702
2703
2704
2705
2706
2707
2708
2709
2710
2711
2712
2713
2714
2715
2716
2717
2718
2719
2720
2721
2722
2723
2724
2725
2726
2727
2728
2729
2730
2731
2732
2733
2734
2735
2736
2737
2738
2739
2740
2741
2742
2743
2744
2745
2746
2747
2748
2749
2750
2751
2752
2753
2754
2755
2756
2757
2758
2759
2760
2761
2762
2763
2764
2765
2766
2767
2768
2769
2770
2771
2772
2773
2774
2775
2776
2777
2778
2779
2780
2781
2782
2783
2784
2785
2786
2787
2788
2789
2790
2791
2792
2793
2794
2795
2796
2797
2798
2799
2800
2801
2802
2803
2804
2805
2806
2807
2808
2809
2810
2811
2812
2813
2814
2815
2816
2817
2818
2819
2820
2821
2822
2823
2824
2825
2826
2827
2828
2829
2830
2831
2832
2833
2834
2835
2836
2837
2838
2839
2840
2841
2842
2843
2844
2845
2846
2847
2848
2849
2850
2851
2852
2853
2854
2855
2856
2857
2858
2859
2860
2861
2862
2863
2864
2865
2866
2867
2868
2869
2870
2871
2872
2873
2874
2875
2876
2877
2878
2879
2880
2881
2882
2883
2884
2885
2886
2887
2888
2889
2890
2891
2892
2893
2894
2895
2896
2897
2898
2899
2900
2901
2902
2903
2904
2905
2906
2907
2908
2909
2910
2911
2912
2913
2914
2915
2916
2917
2918
2919
2920
2921
2922
2923
2924
2925
2926
2927
2928
2929
2930
2931
2932
2933
2934
2935
2936
2937
2938
2939
2940
2941
2942
2943
2944
2945
2946
2947
2948
2949
2950
2951
2952
2953
2954
2955
2956
2957
2958
2959
2960
2961
2962
2963
2964
2965
2966
2967
2968
2969
2970
2971
2972
2973
2974
2975
2976
2977
2978
2979
2980
2981
2982
2983
2984
2985
2986
2987
2988
2989
2990
2991
2992
2993
2994
2995
2996
2997
2998
2999
3000
3001
3002
3003
3004
3005
3006
3007
3008
3009
3010
3011
3012
3013
3014
3015
3016
3017
3018
3019
3020
3021
3022
3023
3024
3025
3026
3027
3028
3029
3030
3031
3032
3033
3034
3035
3036
3037
3038
3039
3040
3041
3042
3043
3044
3045
3046
3047
3048
3049
3050
3051
3052
3053
3054
3055
3056
3057
3058
3059
3060
3061
3062
3063
3064
3065
3066
3067
3068
3069
3070
3071
3072
3073
3074
3075
3076
3077
3078
3079
3080
3081
3082
3083
3084
3085
3086
3087
3088
3089
3090
3091
3092
3093
3094
3095
3096
3097
3098
3099
3100
3101
3102
3103
3104
3105
3106
3107
3108
3109
3110
3111
3112
3113
3114
3115
3116
3117
3118
3119
3120
3121
3122
3123
3124
3125
3126
3127
3128
3129
3130
3131
3132
3133
3134
3135
3136
3137
3138
3139
3140
3141
3142
3143
3144
3145
3146
3147
3148
3149
3150
3151
3152
3153
3154
3155
3156
3157
3158
3159
3160
3161
3162
3163
3164
3165
3166
3167
3168
3169
3170
3171
3172
3173
3174
3175
3176
3177
3178
3179
3180
3181
3182
3183
3184
3185
3186
3187
3188
3189
3190
3191
3192
3193
3194
3195
3196
3197
3198
3199
3200
3201
3202
3203
3204
3205
3206
3207
3208
3209
3210
3211
3212
3213
3214
3215
3216
3217
3218
3219
3220
3221
3222
3223
3224
3225
3226
3227
3228
3229
3230
3231
3232
3233
3234
3235
3236
3237
3238
3239
3240
3241
3242
3243
3244
3245
3246
3247
3248
3249
3250
3251
3252
3253
3254
3255
3256
3257
3258
3259
3260
3261
3262
3263
3264
3265
3266
3267
3268
3269
3270
3271
3272
3273
3274
3275
3276
3277
3278
3279
3280
3281
3282
3283
3284
3285
3286
3287
3288
3289
3290
3291
3292
3293
3294
3295
3296
3297
3298
3299
3300
3301
3302
3303
3304
3305
3306
3307
3308
3309
3310
3311
3312
3313
3314
3315
3316
3317
3318
3319
3320
3321
3322
3323
3324
3325
3326
3327
3328
3329
3330
3331
3332
3333
3334
3335
3336
3337
3338
3339
3340
3341
3342
3343
3344
3345
3346
3347
3348
3349
3350
3351
3352
3353
3354
3355
3356
3357
3358
3359
3360
3361
3362
3363
3364
3365
3366
3367
3368
3369
3370
3371
3372
3373
3374
3375
3376
3377
3378
3379
3380
3381
3382
3383
3384
3385
3386
3387
3388
3389
3390
3391
3392
3393
3394
3395
3396
3397
3398
3399
3400
3401
3402
3403
3404
3405
3406
3407
3408
3409
3410
3411
3412
3413
3414
3415
3416
3417
3418
3419
3420
3421
3422
3423
3424
3425
3426
3427
3428
3429
3430
3431
3432
3433
3434
3435
3436
3437
3438
3439
3440
3441
3442
3443
3444
3445
3446
3447
3448
3449
3450
3451
3452
3453
3454
3455
3456
3457
3458
3459
3460
3461
3462
3463
3464
3465
3466
3467
3468
3469
3470
3471
3472
3473
3474
3475
3476
3477
3478
3479
3480
3481
3482
3483
3484
3485
3486
3487
3488
3489
3490
3491
3492
3493
3494
3495
3496
3497
3498
3499
3500
3501
3502
3503
3504
3505
3506
3507
3508
3509
3510
3511
3512
3513
3514
3515
3516
3517
3518
3519
3520
3521
3522
3523
3524
3525
3526
3527
3528
3529
3530
3531
3532
3533
3534
3535
3536
3537
3538
3539
3540
3541
3542
3543
3544
3545
3546
3547
3548
3549
3550
3551
3552
3553
3554
3555
3556
3557
3558
3559
3560
3561
3562
3563
3564
3565
3566
3567
3568
3569
3570
3571
3572
3573
3574
3575
3576
3577
3578
3579
3580
3581
3582
3583
3584
3585
3586
3587
3588
3589
3590
3591
3592
3593
3594
3595
3596
3597
3598
3599
3600
3601
3602
3603
3604
3605
3606
3607
3608
3609
3610
3611
3612
3613
3614
3615
3616
3617
3618
3619
3620
3621
3622
3623
3624
3625
3626
3627
3628
3629
3630
3631
3632
3633
3634
3635
3636
3637
3638
3639
3640
3641
3642
3643
3644
3645
3646
3647
3648
3649
3650
3651
3652
3653
3654
3655
3656
3657
3658
3659
3660
3661
3662
3663
3664
3665
3666
3667
3668
3669
3670
3671
3672
3673
3674
3675
3676
3677
3678
3679
3680
3681
3682
3683
3684
3685
3686
3687
3688
3689
3690
3691
3692
3693
3694
3695
3696
3697
3698
3699
3700
3701
3702
3703
3704
3705
3706
3707
3708
3709
3710
3711
3712
3713
3714
3715
3716
3717
3718
3719
3720
3721
3722
3723
3724
3725
3726
3727
3728
3729
3730
3731
3732
3733
3734
3735
3736
3737
3738
3739
3740
3741
3742
3743
3744
3745
3746
3747
3748
3749
3750
3751
3752
3753
3754
3755
3756
3757
3758
3759
3760
3761
3762
3763
3764
3765
3766
3767
3768
3769
3770
3771
3772
3773
3774
3775
3776
3777
3778
3779
3780
3781
3782
3783
3784
3785
3786
3787
3788
3789
3790
3791
3792
3793
3794
3795
3796
3797
3798
3799
3800
3801
3802
3803
3804
3805
3806
3807
3808
3809
3810
3811
3812
3813
3814
3815
3816
3817
3818
3819
3820
3821
3822
3823
3824
3825
3826
3827
3828
3829
3830
3831
3832
3833
3834
3835
3836
3837
3838
3839
3840
3841
3842
3843
3844
3845
3846
3847
3848
3849
3850
3851
3852
3853
3854
3855
3856
3857
3858
3859
3860
3861
3862
3863
3864
3865
3866
3867
3868
3869
3870
3871
3872
3873
3874
3875
3876
3877
3878
3879
3880
3881
3882
3883
3884
3885
3886
3887
3888
3889
3890
3891
3892
3893
3894
3895
3896
3897
3898
3899
3900
3901
3902
3903
3904
3905
3906
3907
3908
3909
3910
3911
3912
3913
3914
3915
3916
3917
3918
3919
3920
3921
3922
3923
3924
3925
3926
3927
3928
3929
3930
3931
3932
3933
3934
3935
3936
3937
3938
3939
3940
3941
3942
3943
3944
3945
3946
3947
3948
3949
3950
3951
3952
3953
3954
3955
3956
3957
3958
3959
3960
3961
3962
3963
3964
3965
3966
3967
3968
3969
3970
3971
3972
3973
3974
3975
3976
3977
3978
3979
3980
3981
3982
3983
3984
3985
3986
3987
3988
3989
3990
3991
3992
3993
3994
3995
3996
3997
3998
3999
4000
4001
4002
4003
4004
4005
4006
4007
4008
4009
4010
4011
4012
4013
4014
4015
4016
4017
4018
4019
4020
4021
4022
4023
4024
4025
4026
4027
4028
4029
4030
4031
4032
4033
4034
4035
4036
4037
4038
4039
4040
4041
4042
4043
4044
4045
4046
4047
4048
4049
4050
4051
4052
4053
4054
4055
4056
4057
4058
4059
4060
4061
4062
4063
4064
4065
4066
4067
4068
4069
4070
4071
4072
4073
4074
4075
4076
4077
4078
4079
4080
4081
4082
4083
4084
4085
4086
4087
4088
4089
4090
4091
4092
4093
4094
4095
4096
4097
4098
4099
4100
4101
4102
4103
4104
4105
4106
4107
4108
4109
4110
4111
4112
4113
4114
4115
4116
4117
4118
4119
4120
4121
4122
4123
4124
4125
4126
4127
4128
4129
4130
4131
4132
4133
4134
4135
4136
4137
4138
4139
4140
4141
4142
4143
4144
4145
4146
4147
4148
4149
4150
4151
4152
4153
4154
4155
4156
4157
4158
4159
4160
4161
4162
4163
4164
4165
4166
4167
4168
4169
4170
4171
4172
4173
4174
4175
4176
4177
4178
4179
4180
4181
4182
4183
4184
4185
4186
4187
4188
4189
4190
4191
4192
4193
4194
4195
4196
4197
4198
4199
4200
4201
4202
4203
4204
4205
4206
4207
4208
4209
4210
4211
4212
4213
4214
4215
4216
4217
4218
4219
4220
4221
4222
4223
4224
4225
4226
4227
4228
4229
4230
4231
4232
4233
4234
4235
4236
4237
4238
4239
4240
4241
4242
4243
4244
4245
4246
4247
4248
4249
4250
4251
4252
4253
4254
4255
4256
4257
4258
4259
4260
4261
4262
4263
4264
4265
4266
4267
4268
4269
4270
4271
4272
4273
4274
4275
4276
4277
4278
4279
4280
4281
4282
4283
4284
4285
4286
4287
4288
4289
4290
4291
4292
4293
4294
4295
4296
4297
4298
4299
4300
4301
4302
4303
4304
4305
4306
4307
4308
4309
4310
4311
4312
4313
4314
4315
4316
4317
4318
4319
4320
4321
4322
4323
4324
4325
4326
4327
4328
4329
4330
4331
4332
4333
4334
4335
4336
4337
4338
4339
4340
4341
4342
4343
4344
4345
4346
4347
4348
4349
4350
4351
4352
4353
4354
4355
4356
4357
4358
4359
4360
4361
4362
4363
4364
4365
4366
4367
4368
4369
4370
4371
4372
4373
4374
4375
4376
4377
4378
4379
4380
4381
4382
4383
4384
4385
4386
4387
4388
4389
4390
4391
4392
4393
4394
4395
4396
4397
4398
4399
4400
4401
4402
4403
4404
4405
4406
4407
4408
4409
4410
4411
4412
4413
4414
4415
4416
4417
4418
4419
4420
4421
4422
4423
4424
4425
4426
4427
4428
4429
4430
4431
4432
4433
4434
4435
4436
4437
4438
4439
4440
4441
4442
4443
4444
4445
4446
4447
4448
4449
4450
4451
4452
4453
4454
4455
4456
4457
4458
4459
4460
4461
4462
4463
4464
4465
4466
4467
4468
4469
4470
4471
4472
4473
4474
4475
4476
4477
4478
4479
4480
4481
4482
4483
4484
4485
4486
4487
4488
4489
4490
4491
4492
4493
4494
4495
4496
4497
4498
4499
4500
4501
4502
4503
4504
4505
4506
4507
4508
4509
4510
4511
4512
4513
4514
4515
4516
4517
4518
4519
4520
4521
4522
4523
4524
4525
4526
4527
4528
4529
4530
4531
4532
4533
4534
4535
4536
4537
4538
4539
4540
4541
4542
4543
4544
4545
4546
4547
4548
4549
4550
4551
4552
4553
4554
4555
4556
4557
4558
4559
4560
4561
4562
4563
4564
4565
4566
4567
4568
4569
4570
4571
4572
4573
4574
4575
4576
4577
4578
4579
4580
4581
4582
4583
4584
4585
4586
4587
4588
4589
4590
4591
4592
4593
4594
4595
4596
4597
4598
4599
4600
4601
4602
4603
4604
4605
4606
4607
4608
4609
4610
4611
4612
4613
4614
4615
4616
4617
4618
4619
4620
4621
4622
4623
4624
4625
4626
4627
4628
4629
4630
4631
4632
4633
4634
4635
4636
4637
4638
4639
4640
4641
4642
4643
4644
4645
4646
4647
4648
4649
4650
4651
4652
4653
4654
4655
4656
4657
4658
4659
4660
4661
4662
4663
4664
4665
4666
4667
4668
4669
4670
4671
4672
4673
4674
4675
4676
4677
4678
4679
4680
4681
4682
4683
4684
4685
4686
4687
4688
4689
4690
4691
4692
4693
4694
4695
4696
4697
4698
4699
4700
4701
4702
4703
4704
4705
4706
4707
4708
4709
4710
4711
4712
4713
4714
4715
4716
4717
4718
4719
4720
4721
4722
4723
4724
4725
4726
4727
4728
4729
4730
4731
4732
4733
4734
4735
4736
4737
4738
4739
4740
4741
4742
4743
4744
4745
4746
4747
4748
4749
4750
4751
4752
4753
4754
4755
4756
4757
4758
4759
4760
4761
4762
4763
4764
4765
4766
4767
4768
4769
4770
4771
4772
4773
4774
4775
4776
4777
4778
4779
4780
4781
4782
4783
4784
4785
4786
4787
4788
4789
4790
4791
4792
4793
4794
4795
4796
4797
4798
4799
4800
4801
4802
4803
4804
4805
4806
4807
4808
4809
4810
4811
4812
4813
4814
4815
4816
4817
4818
4819
4820
4821
4822
4823
4824
4825
4826
4827
4828
4829
4830
4831
4832
4833
4834
4835
4836
4837
4838
4839
4840
4841
4842
4843
4844
4845
4846
4847
4848
4849
4850
4851
4852
4853
4854
4855
4856
4857
4858
4859
4860
4861
4862
4863
4864
4865
4866
4867
4868
4869
4870
4871
4872
4873
4874
4875
4876
4877
4878
4879
4880
4881
4882
4883
4884
4885
4886
4887
4888
4889
4890
4891
4892
4893
4894
4895
4896
4897
4898
4899
4900
4901
4902
4903
4904
4905
4906
4907
4908
4909
4910
4911
4912
4913
4914
4915
4916
4917
4918
4919
4920
4921
4922
4923
4924
4925
4926
4927
4928
4929
4930
4931
4932
4933
4934
4935
4936
4937
4938
4939
4940
4941
4942
4943
4944
4945
4946
4947
4948
4949
4950
4951
4952
4953
4954
4955
4956
4957
4958
4959
4960
4961
4962
4963
4964
4965
4966
4967
4968
4969
4970
4971
4972
4973
4974
4975
4976
4977
4978
4979
4980
4981
4982
4983
4984
4985
4986
4987
4988
4989
4990
4991
4992
4993
4994
4995
4996
4997
4998
4999
5000
5001
5002
5003
5004
5005
5006
5007
5008
5009
5010
5011
5012
5013
5014
5015
5016
5017
5018
5019
5020
5021
5022
5023
5024
5025
5026
5027
5028
5029
5030
5031
5032
5033
5034
5035
5036
5037
5038
5039
5040
5041
5042
5043
5044
5045
5046
5047
5048
5049
5050
5051
5052
5053
5054
5055
5056
5057
5058
5059
5060
5061
5062
5063
5064
5065
5066
5067
5068
5069
5070
5071
5072
5073
5074
5075
5076
5077
5078
5079
5080
5081
5082
5083
5084
5085
5086
5087
5088
5089
5090
5091
5092
5093
5094
5095
5096
5097
5098
5099
5100
5101
5102
5103
5104
5105
5106
5107
5108
5109
5110
5111
5112
5113
5114
5115
5116
5117
5118
5119
5120
5121
5122
5123
5124
5125
5126
5127
5128
5129
5130
5131
5132
5133
5134
5135
5136
5137
5138
5139
5140
5141
5142
5143
5144
5145
5146
5147
5148
5149
5150
5151
5152
5153
5154
5155
5156
5157
5158
5159
5160
5161
5162
5163
5164
5165
5166
5167
5168
5169
5170
5171
5172
5173
5174
5175
5176
5177
5178
5179
5180
5181
5182
5183
5184
5185
5186
5187
5188
5189
5190
5191
5192
5193
5194
5195
5196
5197
5198
5199
5200
5201
5202
5203
5204
5205
5206
5207
5208
5209
5210
5211
5212
5213
5214
5215
5216
5217
5218
5219
5220
5221
5222
5223
5224
5225
5226
5227
5228
5229
5230
5231
5232
5233
5234
5235
5236
5237
5238
5239
5240
5241
5242
5243
5244
5245
5246
5247
5248
5249
5250
5251
5252
5253
5254
5255
5256
5257
5258
5259
5260
5261
5262
5263
5264
5265
5266
5267
5268
5269
5270
5271
5272
5273
5274
5275
5276
5277
5278
5279
5280
5281
5282
5283
5284
5285
5286
5287
5288
5289
5290
5291
5292
5293
5294
5295
5296
5297
5298
5299
5300
5301
5302
5303
5304
5305
5306
5307
5308
5309
5310
5311
5312
5313
5314
5315
5316
5317
5318
5319
5320
5321
5322
5323
5324
5325
5326
5327
5328
5329
5330
5331
5332
5333
5334
5335
5336
5337
5338
5339
5340
5341
5342
5343
5344
5345
5346
5347
5348
5349
5350
5351
5352
5353
5354
5355
5356
5357
5358
5359
5360
5361
5362
5363
5364
5365
5366
5367
5368
5369
5370
5371
5372
5373
5374
5375
5376
5377
5378
5379
5380
5381
5382
5383
5384
5385
5386
5387
5388
5389
5390
5391
5392
5393
5394
5395
5396
5397
5398
5399
5400
5401
5402
5403
5404
5405
5406
5407
5408
5409
5410
5411
5412
5413
5414
5415
5416
5417
5418
5419
5420
5421
5422
5423
5424
5425
5426
5427
5428
5429
5430
5431
5432
5433
5434
5435
5436
5437
5438
5439
5440
5441
5442
5443
5444
5445
5446
5447
5448
5449
5450
5451
5452
5453
5454
5455
5456
5457
5458
5459
5460
5461
5462
5463
5464
5465
5466
5467
5468
5469
5470
5471
5472
5473
5474
5475
5476
5477
5478
5479
5480
5481
5482
5483
5484
5485
5486
5487
5488
5489
5490
5491
5492
5493
5494
5495
5496
5497
5498
5499
5500
5501
5502
5503
5504
5505
5506
5507
5508
5509
5510
5511
5512
5513
5514
5515
5516
5517
5518
5519
5520
5521
5522
5523
5524
5525
5526
5527
5528
5529
5530
5531
5532
5533
5534
5535
5536
5537
5538
5539
5540
5541
5542
5543
5544
5545
5546
5547
5548
5549
5550
5551
5552
5553
5554
5555
5556
5557
5558
5559
5560
5561
5562
5563
5564
5565
5566
5567
5568
5569
5570
5571
5572
5573
5574
5575
5576
5577
5578
5579
5580
5581
5582
5583
5584
5585
5586
5587
5588
5589
5590
5591
5592
5593
5594
5595
5596
5597
5598
5599
5600
5601
5602
5603
5604
5605
5606
5607
5608
5609
5610
5611
5612
5613
5614
5615
5616
5617
5618
5619
5620
5621
5622
5623
5624
5625
5626
5627
5628
5629
5630
5631
5632
5633
5634
5635
5636
5637
5638
5639
5640
5641
5642
5643
5644
5645
5646
5647
5648
5649
5650
5651
5652
5653
5654
5655
5656
5657
5658
5659
5660
5661
5662
5663
5664
5665
5666
5667
5668
5669
5670
5671
5672
5673
5674
5675
5676
5677
5678
5679
5680
5681
5682
5683
5684
5685
5686
5687
5688
5689
5690
5691
5692
5693
5694
5695
5696
5697
5698
5699
5700
5701
5702
5703
5704
5705
5706
5707
5708
5709
5710
5711
5712
5713
5714
5715
5716
5717
5718
5719
5720
5721
5722
5723
5724
5725
5726
5727
5728
5729
5730
5731
5732
5733
5734
5735
5736
5737
5738
5739
5740
5741
5742
5743
5744
5745
5746
5747
5748
5749
5750
5751
5752
5753
5754
5755
5756
5757
5758
5759
5760
5761
5762
5763
5764
5765
5766
5767
5768
5769
5770
5771
5772
5773
5774
5775
5776
5777
5778
5779
5780
5781
5782
5783
5784
5785
5786
5787
5788
5789
5790
5791
5792
5793
5794
5795
5796
5797
5798
5799
5800
5801
5802
5803
5804
5805
5806
5807
5808
5809
5810
5811
5812
5813
5814
5815
5816
5817
5818
5819
5820
5821
5822
5823
5824
5825
5826
5827
5828
5829
5830
5831
5832
5833
5834
5835
5836
5837
5838
5839
5840
5841
5842
5843
5844
5845
5846
5847
5848
5849
5850
5851
5852
5853
5854
5855
5856
5857
5858
5859
5860
5861
5862
5863
5864
5865
5866
5867
5868
5869
5870
5871
5872
5873
5874
5875
5876
5877
5878
5879
5880
5881
5882
5883
5884
5885
5886
5887
5888
5889
5890
5891
5892
5893
5894
5895
5896
5897
5898
5899
5900
5901
5902
5903
5904
5905
5906
5907
5908
5909
5910
5911
5912
5913
5914
5915
5916
5917
5918
5919
5920
5921
5922
5923
5924
5925
5926
5927
5928
5929
5930
5931
5932
5933
5934
5935
5936
5937
5938
5939
5940
5941
5942
5943
5944
5945
5946
5947
5948
5949
5950
5951
5952
5953
5954
5955
5956
5957
5958
5959
5960
5961
5962
5963
5964
5965
5966
5967
5968
5969
5970
5971
5972
5973
5974
5975
5976
5977
5978
5979
5980
5981
5982
5983
5984
5985
5986
5987
5988
5989
5990
5991
5992
5993
5994
5995
5996
5997
5998
5999
6000
6001
6002
6003
6004
6005
6006
6007
6008
6009
6010
6011
6012
6013
6014
6015
6016
6017
6018
6019
6020
6021
6022
6023
6024
6025
6026
6027
6028
6029
6030
6031
6032
6033
6034
6035
6036
6037
6038
6039
6040
6041
6042
6043
6044
6045
6046
6047
6048
6049
6050
6051
6052
6053
6054
6055
6056
6057
6058
6059
6060
6061
6062
6063
6064
6065
6066
6067
6068
6069
6070
6071
6072
6073
6074
6075
6076
6077
6078
6079
6080
6081
6082
6083
6084
6085
6086
6087
6088
6089
6090
6091
6092
6093
6094
6095
6096
6097
6098
6099
6100
6101
6102
6103
6104
6105
6106
6107
6108
6109
6110
6111
6112
6113
6114
6115
6116
6117
6118
6119
6120
6121
6122
6123
6124
6125
6126
6127
6128
6129
6130
6131
6132
6133
6134
6135
6136
6137
6138
6139
6140
6141
6142
6143
6144
6145
6146
6147
6148
6149
6150
6151
6152
6153
6154
6155
6156
6157
6158
6159
6160
6161
6162
6163
6164
6165
6166
6167
6168
6169
6170
6171
6172
6173
6174
6175
6176
6177
6178
6179
6180
6181
6182
6183
6184
6185
6186
6187
6188
6189
6190
6191
6192
6193
6194
6195
6196
6197
6198
6199
6200
6201
6202
6203
6204
6205
6206
6207
6208
6209
6210
6211
6212
6213
6214
6215
6216
6217
6218
6219
6220
6221
6222
6223
6224
6225
6226
6227
6228
6229
6230
6231
6232
6233
6234
6235
6236
6237
6238
6239
6240
6241
6242
6243
6244
6245
6246
6247
6248
6249
6250
6251
6252
6253
6254
6255
6256
6257
6258
6259
6260
6261
6262
6263
6264
6265
6266
6267
6268
6269
6270
6271
6272
6273
6274
6275
6276
6277
6278
6279
6280
6281
6282
6283
6284
6285
6286
6287
6288
6289
6290
6291
6292
6293
6294
6295
6296
6297
6298
6299
6300
6301
6302
6303
6304
6305
6306
6307
6308
6309
6310
6311
6312
6313
6314
6315
6316
6317
6318
6319
6320
6321
6322
6323
6324
6325
6326
6327
6328
6329
6330
6331
6332
6333
6334
6335
6336
6337
6338
6339
6340
6341
6342
6343
6344
6345
6346
6347
6348
6349
6350
6351
6352
6353
6354
6355
6356
6357
6358
6359
6360
6361
6362
6363
6364
6365
6366
6367
6368
6369
6370
6371
6372
6373
6374
6375
6376
6377
6378
6379
6380
6381
6382
6383
6384
6385
6386
6387
6388
6389
6390
6391
6392
6393
6394
6395
6396
6397
6398
6399
6400
6401
6402
6403
6404
6405
6406
6407
6408
6409
6410
6411
6412
6413
6414
6415
6416
6417
6418
6419
6420
6421
6422
6423
6424
6425
6426
6427
6428
6429
6430
6431
6432
6433
6434
6435
6436
6437
6438
6439
6440
6441
6442
6443
6444
6445
6446
6447
6448
6449
6450
6451
6452
6453
6454
6455
6456
6457
6458
6459
6460
6461
6462
6463
6464
6465
6466
6467
6468
6469
6470
6471
6472
6473
6474
6475
6476
6477
6478
6479
6480
6481
6482
6483
6484
6485
6486
6487
6488
6489
6490
6491
6492
6493
6494
6495
6496
6497
6498
6499
6500
6501
6502
6503
6504
6505
6506
6507
6508
6509
6510
6511
6512
6513
6514
6515
6516
6517
6518
6519
6520
6521
6522
6523
6524
6525
6526
6527
6528
6529
6530
6531
6532
6533
6534
6535
6536
6537
6538
6539
6540
6541
6542
6543
6544
6545
6546
6547
6548
6549
6550
6551
6552
6553
6554
6555
6556
6557
6558
6559
6560
6561
6562
6563
6564
6565
6566
6567
6568
6569
6570
6571
6572
6573
6574
6575
6576
6577
6578
6579
6580
6581
6582
6583
6584
6585
6586
6587
6588
6589
6590
6591
6592
6593
6594
6595
6596
6597
6598
6599
6600
6601
6602
6603
6604
6605
6606
6607
6608
6609
6610
6611
6612
6613
6614
6615
6616
6617
6618
6619
6620
6621
6622
6623
6624
6625
6626
6627
6628
6629
6630
6631
6632
6633
6634
6635
6636
6637
6638
6639
6640
6641
6642
6643
6644
6645
6646
6647
6648
6649
6650
6651
6652
6653
6654
6655
6656
6657
6658
6659
6660
6661
6662
6663
6664
6665
6666
6667
6668
6669
6670
6671
6672
6673
6674
6675
6676
6677
6678
6679
6680
6681
6682
6683
6684
6685
6686
6687
6688
6689
6690
6691
6692
6693
6694
6695
6696
6697
6698
6699
6700
6701
6702
6703
6704
6705
6706
6707
6708
6709
6710
6711
6712
6713
6714
6715
6716
6717
6718
6719
6720
6721
6722
6723
6724
6725
6726
6727
6728
6729
6730
6731
6732
6733
6734
6735
6736
6737
6738
6739
6740
6741
6742
6743
6744
6745
6746
6747
6748
6749
6750
6751
6752
6753
6754
6755
6756
6757
6758
6759
6760
6761
6762
6763
6764
6765
6766
6767
6768
6769
6770
6771
6772
6773
6774
6775
6776
6777
6778
6779
6780
6781
6782
6783
6784
6785
6786
6787
6788
6789
6790
6791
6792
6793
6794
6795
6796
6797
6798
6799
6800
6801
6802
6803
6804
6805
6806
6807
6808
6809
6810
6811
6812
6813
6814
6815
6816
6817
6818
6819
6820
6821
6822
6823
6824
6825
6826
6827
6828
6829
6830
6831
6832
6833
6834
6835
6836
6837
6838
6839
6840
6841
6842
6843
6844
6845
6846
6847
6848
6849
6850
6851
6852
6853
6854
6855
6856
6857
6858
6859
6860
6861
6862
6863
6864
6865
6866
6867
6868
6869
6870
6871
6872
6873
6874
6875
6876
6877
6878
6879
6880
6881
6882
6883
6884
6885
6886
6887
6888
6889
6890
6891
6892
6893
6894
6895
6896
6897
6898
6899
6900
6901
6902
6903
6904
6905
6906
6907
6908
6909
6910
6911
6912
6913
6914
6915
6916
6917
6918
6919
6920
6921
6922
6923
6924
6925
6926
6927
6928
6929
6930
6931
6932
6933
6934
6935
6936
6937
6938
6939
6940
6941
6942
6943
6944
6945
6946
6947
6948
6949
6950
6951
6952
6953
6954
6955
6956
6957
6958
6959
6960
6961
6962
6963
6964
6965
6966
6967
6968
6969
6970
6971
6972
6973
6974
6975
6976
6977
6978
6979
6980
6981
6982
6983
6984
6985
6986
6987
6988
6989
6990
6991
6992
6993
6994
6995
6996
6997
6998
6999
7000
7001
7002
7003
7004
7005
7006
7007
7008
7009
7010
7011
7012
7013
7014
7015
7016
7017
7018
7019
7020
7021
7022
7023
7024
7025
7026
7027
7028
7029
7030
7031
7032
7033
7034
7035
7036
7037
7038
7039
7040
7041
7042
7043
7044
7045
7046
7047
7048
7049
7050
7051
7052
7053
7054
7055
7056
7057
7058
7059
9907
9330
8242
7232
4961
7840
8292
3690
60
7612
1717
5830
1497
9666
6576
8802
7424
8458
2993
7253
3412
9425
4545
2801
9185
969
8440
4810
7618
1451
4176
8626
7562
4716
4102
1046
5653
9859
361
9453
5446
9265
8215
1711
688
8877
2421
3038
3942
8184
6057
889
749
2903
3280
5320
9935
6220
3461
9108
1859
2386
3017
3846
4971
8933
4912
2657
9137
4449
5623
4162
6050
5269
5768
5719
7849
5948
3084
3672
3566
2297
3457
9590
7018
833
4657
6647
3128
9186
725
6849
4430
3745
5349
6346
4131
5000
8282
8964
9575
3878
4626
8441
5628
2567
7544
6144
9129
3752
7641
7770
2920
3380
1248
9355
9503
8138
3581
7675
981
8916
1142
284
1190
7135
8227
2786
9086
405
9534
6289
2897
1411
9002
1388
1044
6126
5484
9406
2424
2185
6138
3887
2697
5715
7068
4895
2610
135
2022
4764
4885
5363
6571
1085
8343
7227
8135
1328
5101
7818
6906
5183
5782
4800
4417
8209
1615
4951
4198
5640
6802
760
9343
6883
8014
1354
5230
2330
652
7032
7321
9418
2733
4699
2885
7591
7705
2242
2735
314
2873
1508
2845
1519
7692
4803
7636
3516
2977
336
9220
6037
6958
2354
7832
3234
4953
308
3741
4841
4326
4497
8715
6448
6364
3967
8390
2305
3381
8408
7753
8233
121
6973
3287
6750
8125
8123
4126
9995
7808
897
9213
3699
6357
5621
3137
4541
9371
332
8967
2072
6498
9485
7871
9750
2590
4875
6708
6021
1066
6862
4003
8344
7715
4412
4302
185
848
6430
7047
4593
3286
2601
6105
8849
9830
1584
2629
7471
7990
3956
2127
1183
8042
1303
9717
2173
382
9735
8636
2284
4458
2886
8418
2452
5670
360
3533
5866
6404
4580
2252
8776
8137
3854
6051
1931
774
7496
6592
4757
7553
1849
7136
2575
3521
858
4288
2042
72
8229
7310
3864
1807
2025
3599
8110
4431
2797
7507
6233
2444
1065
3029
9243
8325
1192
1034
4712
1429
8580
8970
5366
5117
3330
3204
5239
9275
5288
5246
9924
8259
3998
2530
3888
386
6218
2823
9493
1557
194
278
581
729
2817
946
3559
6591
7590
3146
2294
7309
5354
674
140
6046
3042
288
2002
4814
8750
1119
4478
5931
4094
496
71
8153
8434
7279
675
9553
5161
9319
8578
8025
433
3515
8561
6650
2216
9080
7261
1552
6604
813
3802
2015
2231
3861
1861
3072
8560
9363
1153
4515
8840
6178
860
6085
2514
1818
3511
2956
6067
1173
3541
3291
3140
8216
2445
6721
3519
854
565
6090
2751
5415
3526
3006
4562
5982
2087
4360
5504
2192
4735
3132
9688
84
9562
45
7877
9153
3481
6170
3696
9246
161
2965
1572
4827
2847
2416
6548
546
3498
7014
8855
1556
199
7194
4835
9658
5871
9344
4359
1313
3872
7567
6792
4004
9512
5315
3100
747
1720
3060
8398
7548
838
6008
108
3431
9669
1813
2331
8588
5543
7978
4231
3644
5205
9072
7563
7196
7486
457
7036
326
2568
6038
6814
2535
1256
4864
4362
8570
1832
5609
5793
2822
330
7797
985
797
1990
176
193
8518
4010
1616
7690
4023
1809
3844
954
6515
706
887
7304
5369
4401
1889
8663
4315
6432
5780
8687
8302
285
5029
2461
6855
8439
5376
9187
5306
7391
7573
7207
9297
4021
3639
4725
3149
8468
2696
4109
5357
5330
4805
9274
5942
9305
7124
5002
145
8539
3897
444
8369
6101
9900
4323
616
9708
3324
643
1675
8993
8919
3779
6434
4616
6950
8320
9679
357
3621
449
6475
1329
8509
1067
1917
7461
2716
7848
1222
5394
44
9979
4595
6456
7360
965
9238
5109
1250
90
3185
8112
3443
3691
203
9386
4527
2912
9825
9843
4330
3640
2368
9345
708
2311
7671
5582
6304
9459
7595
4715
1040
6141
5468
655
6927
3449
9523
3086
3389
9533
5420
3883
6609
9854
9125
607
8409
7776
5077
1016
6575
9786
7888
5401
3209
2130
2310
2199
1873
5138
3
8720
6718
2975
2372
2017
263
9593
4759
28
3440
7325
1226
7029
1204
5286
9551
8226
4585
6763
5275
2891
7400
5783
1199
5373
7558
2064
8147
5687
668
8656
2118
2899
9971
8
996
4663
4660
3241
1302
4276
6974
9528
1039
7615
6668
395
717
5058
9148
1714
3014
7093
4125
8535
3543
7952
6179
1693
6273
982
7443
1237
1001
2942
6838
8893
8982
5704
9465
8327
7823
6439
8952
4024
4389
2684
1349
7566
2323
3773
6525
5536
9595
9451
1370
986
2642
8642
6043
4213
9181
4721
5175
2820
7045
1103
9132
3757
2543
1642
8366
9200
2830
1804
9743
8820
517
8291
9954
33
1409
5007
4159
3953
3142
8211
7046
9837
3770
9098
6107
4072
2832
6111
1528
2474
1378
2491
7481
9732
5997
6751
4091
7447
9413
8225
8591
9021
9875
7100
5157
4563
7820
3063
9739
6275
7205
9374
1428
3933
1138
968
2126
3212
8824
1635
1752
9164
1541
1576
1878
9285
978
1307
2101
7786
1866
1716
5571
7134
3598
9471
2351
5107
5188
8660
5428
6816
489
9348
9403
2741
5832
2063
2753
6166
113
9391
8966
9544
4246
9260
6148
4325
2170
6385
8701
8590
9255
2348
8837
6450
9872
2165
6972
4000
9899
6612
3203
6127
6217
2384
2961
2870
6003
3369
4962
4984
8530
2780
696
9427
5723
6737
7785
2814
9191
4202
6978
11
6935
4263
699
8496
9074
6461
694
4969
5398
9422
2764
5514
2451
741
6526
6770
6785
8210
6778
7902
3464
4588
826
6665
4258
5170
8465
3894
624
1083
6189
7349
4284
5992
7089
6128
14
1087
8421
945
7300
5132
9110
4848
5697
1080
4415
7441
8501
2125
4939
2533
5229
9918
9287
9268
8586
1021
2825
3585
3278
32
8744
6159
3465
6113
2586
2317
6643
6942
2802
6726
3600
1619
4575
3869
4447
5519
4640
9695
132
4187
3453
5901
2603
7637
3531
785
8431
8965
1089
6984
4624
6151
5853
46
7173
6605
1501
2404
5082
6039
4758
3577
5989
7564
8168
1236
7137
6377
3937
7090
8526
7805
6700
4203
6010
6961
9277
8208
6045
3023
6954
5999
5812
8817
4872
907
205
8960
4154
3565
6566
3507
6360
594
6451
7439
9435
8696
3756
5220
5411
8279
8891
6317
2487
7782
1598
7546
2258
6619
9869
6688
5951
9294
9660
2180
9365
4839
692
8410
9686
4680
780
6063
5758
3880
5210
4718
3026
8362
9296
6552
1582
4846
1650
7508
9532
8406
3675
5075
6753
1466
3057
7813
5377
3493
5386
1786
3508
214
8485
4251
9545
3085
1375
165
9794
5590
2758
5792
1875
1553
5510
8927
356
9991
4942
8051
7283
1725
5242
6194
207
6325
353
6828
2299
1028
6254
2515
1961
6340
7268
1156
7916
6188
7210
5546
1272
9323
6757
993
6150
9477
8332
8672
3874
6410
5966
3750
2362
1808
5946
2858
1651
4254
5975
618
8525
7377
5471
6177
6249
9013
9032
7037
2815
4796
5934
2471
3066
1319
2278
9217
8114
5554
7323
7123
9421
6914
6754
6543
5739
7175
8254
8675
9057
8293
2342
9250
1996
2725
5307
4111
2096
8013
7320
7569
3952
3486
5692
1416
8015
3947
909
7372
5679
2402
7581
7632
8892
3013
7218
1701
8499
206
5473
2312
1073
1219
1664
2740
397
7981
1279
7531
1515
8285
2045
1082
2250
5285
1463
7588
217
4766
1122
4129
9896
7761
6048
4979
371
9780
3313
2463
8661
4443
1624
1814
1176
7643
2892
5663
1633
7365
1568
1563
7750
9056
839
78
1018
9447
6277
6633
9670
4274
9617
5240
4635
315
1433
7065
5622
7273
4877
8445
520
258
271
9172
2863
156
7532
5846
3502
5718
7217
5633
7354
2243
5008
2743
7751
4935
9801
602
2676
47
8167
8786
2316
5573
3021
6480
2068
6928
9096
1269
5627
5066
6934
7658
2982
9161
9778
920
4976
6629
8746
2335
7828
1702
6327
1361
8495
3311
2187
3041
8584
9727
324
8059
4777
396
2363
9972
2816
1935
4756
4492
962
4650
8224
5996
2379
4320
7645
2565
9159
2219
880
338
4927
1180
9715
4312
504
2768
7712
8567
9565
3392
4335
2583
4331
3133
4876
9464
3896
2974
5899
9404
5828
659
1476
5047
2004
1345
3297
1352
9510
9384
9833
5974
5402
9922
8643
4344
5906
1944
8336
8986
5142
5028
9698
8881
5020
5488
5146
9521
5537
7557
7296
5650
5280
7850
3886
3159
7086
8807
8739
6624
4037
5331
9999
4247
6622
4627
9737
6960
7298
6531
1363
8386
1699
2969
3034
4690
7527
1395
2598
7401
9097
4153
1874
8989
255
585
6766
4932
7058
4397
8472
1220
5425
4084
9722
30
4342
2021
4408
2739
7926
8709
5086
5006
9165
8473
3351
6065
7247
4582
9046
197
7126
8975
8194
8162
9162
895
453
8936
4173
1287
9381
3448
9876
6437
1481
3667
561
2479
425
4405
2315
2948
8924
6865
4886
7395
2483
6446
4775
5921
556
6614
7547
783
3782
1135
5479
2135
755
1415
4221
6288
456
8375
6716
3728
9599
2104
1240
3705
5317
9409
1260
5409
5801
2220
8595
748
4785
9680
4300
2606
1685
9981
9349
8442
2637
3900
8414
5414
935
7976
676
2656
7249
183
7467
1872
7599
3012
5608
6343
8980
1677
4941
1025
4358
498
6563
1064
6172
402
54
4831
7586
9085
177
3342
6876
218
7789
8920
8768
1709
1988
5699
1835
8600
5365
840
7197
6004
3744
636
6994
4132
118
9662
3437
3401
267
6478
731
3040
3018
7445
283
7881
3265
9210
1759
4940
7965
3527
2600
1098
403
4155
6836
5351
9400
6183
4702
5850
7582
8615
3552
9779
8372
4347
2690
4341
7847
3417
5726
4728
5787
5788
7427
4441
2807
3238
4218
1954
6165
7662
9838
3348
4920
2550
4237
7132
5672
9781
6071
478
1491
4664
7007
7292
9111
3839
5345
6533
9864
1517
3768
901
1654
1769
4380
8191
1251
4256
9616
7350
5785
4921
5612
4923
8683
1276
1271
8633
6155
1963
8204
3551
432
1188
2896
2904
727
8704
6891
1118
779
4470
7730
7099
936
1971
6907
9746
1274
9312
9556
5845
6565
9628
9335
9803
3187
4489
9174
6572
2992
4678
2853
9309
3513
6982
5456
4622
8803
3083
6044
3172
1450
8947
6362
7720
6363
8346
1004
7156
8252
8419
9012
4042
7825
4988
7515
2555
2521
6326
4444
5528
1341
4949
459
6795
5684
101
799
7640
3273
939
1705
4789
7700
6843
611
1538
6294
513
1191
656
8915
5166
5079
3523
7691
9093
3976
7005
5293
6532
1111
553
2503
8056
5511
7953
1904
7456
6911
9163
9874
2888
9958
3254
4265
2746
6926
2673
4349
8789
6157
4909
5795
5848
5119
4891
1387
8554
9990
4849
76
5818
8131
3456
2218
3785
4889
6227
7709
7411
1163
3095
8490
5154
3655
4732
8003
1009
5341
5092
5303
5071
9865
2839
720
8773
8268
9769
2855
894
5159
1245
503
7551
7334
4576
7060
5964
2466
6711
5741
2328
5098
7992
6945
1929
9522
8596
9283
1070
312
8826
1090
4561
9131
617
1742
9304
4329
5111
3922
9720
8898
4994
1862
2562
8054
6018
8878
236
3815
4586
5862
554
3251
8565
9466
464
8999
1318
4892
8150
7251
2544
2516
5998
94
3103
6313
2882
2264
7317
1036
7438
8645
9659
8610
1063
322
9511
7974
2475
5503
1661
4156
8627
3349
6097
884
8286
9970
1113
4776
4816
2593
4220
6804
9410
3305
2721
7997
4618
4937
8005
604
9284
2049
1347
4546
512
5851
2887
6212
5971
8883
142
2370
3938
4861
1957
3115
2490
7010
9356
4726
1760
4073
4226
3274
5258
5198
289
4834
7711
3105
1402
645
1930
4929
7242
8534
3553
9572
23
4692
3774
2704
943
8576
3221
4747
7103
8852
767
4324
9123
3425
4269
3806
7903
1594
2650
3563
4383
6075
5714
4519
1136
143
2151
9144
7525
342
8508
9802
7726
4933
6882
6187
4388
2383
7682
5186
426
9953
2214
7846
3386
5843
3446
3783
4061
7152
2990
8086
3870
7505
6555
7142
3663
4730
521
4771
1390
9697
3120
4666
6328
6072
1749
64
9738
7359
3583
8200
8772
3524
9462
8956
7482
5924
836
4957
5432
6894
8389
6637
966
3658
4113
1177
9509
1623
5399
507
837
3905
5350
9934
9479
6628
8652
5896
2436
4981
4314
4510
8905
2957
6481
6223
7540
9112
7270
7787
4659
6797
3433
1916
9555
673
2470
5023
6092
9677
9506
5164
2343
8004
8283
6438
6706
5236
384
7648
832
3893
2415
9767
4871
2605
4679
2352
5329
588
2987
8761
672
8378
4986
1086
8129
9160
2347
3043
768
9117
3405
4579
5642
704
6009
3827
9351
1099
5299
3588
5412
6124
147
1278
516
9973
2849
4211
4352
7759
8480
5725
1182
3332
567
2100
6822
5576
3615
9878
337
810
3642
5312
899
3385
50
9643
6345
8603
542
1147
9478
2809
9726
8356
7760
1267
7915
9240
3319
9919
7630
2868
5
5735
8031
6963
702
6627
5875
2055
2856
9122
2585
7725
3312
5742
5665
7180
7611
2662
5772
2222
5300
8953
1732
8782
3067
578
1105
6517
3143
6762
7098
1882
8863
3725
1194
7361
6485
1264
8411
6073
4299
9910
8983
5721
1006
154
3707
235
8334
4033
5709
995
7907
5439
6211
3749
4655
2766
5620
3895
5017
5153
8798
272
715
6344
1952
1525
5032
4170
5147
9923
4307
9065
4896
1239
9943
5902
6333
7650
7602
7307
4225
9916
8686
6284
9784
8549
8512
9293
25
6691
8900
9019
684
8166
6367
2057
1604
3789
4462
3239
9641
5177
7899
6341
5897
5624
5447
6872
9207
6200
2769
2952
4600
8363
3352
7022
1460
34
590
1212
3597
1224
2706
654
7067
8308
7555
1181
5338
1815
8856
202
7248
3637
4262
5825
6024
784
8522
4761
7821
3719
2053
7297
8068
8731
3318
5977
4248
4825
3858
216
1743
8488
1232
4672
5325
3008
8946
7220
7957
1042
9524
8328
8785
650
7651
290
2798
2621
2427
1440
2018
1653
3898
4421
5957
2138
5710
5172
3202
9711
6356
9001
4779
2124
3065
83
5281
2182
9736
8574
3796
4440
3367
911
4874
3393
800
9772
980
5301
7875
6077
7030
7390
7574
2691
8483
6257
7687
3145
8587
8019
9083
414
171
1560
9373
477
5044
254
4902
601
5459
4311
2488
9173
5115
6100
1360
5272
4524
990
7810
2454
9692
9580
2209
9975
9190
5250
3803
5562
4604
1217
2120
3214
5218
2726
923
1041
1045
3920
2658
1502
8113
7498
753
6784
1131
609
1726
2153
1289
3173
1667
1757
4292
4890
3196
6449
626
539
9689
4370
9138
9054
7666
7163
5165
1617
6310
3837
3964
4753
1605
775
9933
38
8012
2390
8037
7587
7941
3673
2292
919
613
8448
631
6292
2510
4006
3248
7735
2528
6164
5943
4196
1383
1203
3213
2395
2940
3912
9103
7893
6421
5995
3968
1091
9800
6662
9976
1205
953
8985
4653
1130
20
3776
5227
6884
7260
7393
6975
3795
9318
9880
3171
5327
2441
1510
9008
3892
8341
4232
8842
4086
6104
2265
1326
2293
6966
4290
3966
5592
6923
388
2083
5435
572
7519
9614
857
3899
5908
1973
4898
77
9725
4798
804
7021
2329
8321
2947
947
4486
4047
5770
1810
298
528
8062
657
746
4059
4272
3643
7169
3535
6508
9889
8463
442
4505
4542
3960
8563
1151
9359
9826
6074
3652
4377
8001
1946
7838
9742
4879
222
2099
1430
4392
3989
1789
6314
131
461
5605
5574
5263
4763
5855
3863
9846
1995
9461
3993
9158
1265
9300
7985
1123
9370
2678
5691
9757
4339
6990
7629
9320
5232
6109
681
5311
563
4249
5594
1585
7008
9775
7814
8093
5868
5087
1628
1919
7055
4474
3117
7745
8513
5093
1507
2613
596
7182
6723
8948
5778
7885
21
6989
8124
1385
6743
3488
1846
9204
559
2532
5208
9570
7016
3914
6946
7061
9367
1325
3124
4062
7311
6584
2665
7851
1723
3996
8836
2635
6943
6271
9560
2671
5505
8199
9661
8583
2935
4215
697
8724
8339
6545
4974
7276
1969
9423
3889
9201
5143
677
1773
3463
6733
9762
1891
2928
7520
7913
8456
6392
9262
743
8825
3415
3657
9290
9442
5014
4079
8532
2840
7453
3220
867
3772
5037
8949
825
5045
8422
610
304
2711
2279
958
6062
292
1892
7733
1172
9693
7339
8058
9498
519
8155
7799
4559
2486
4286
2773
622
8934
6078
9331
1663
7987
9710
7543
3764
1150
2790
3075
1485
5581
2834
281
9278
5405
7080
6394
861
2164
9025
910
8841
2169
2009
718
1586
568
6680
9527
1168
8267
2237
2430
8658
198
8697
7102
9076
2522
5179
7305
7874
2039
598
9500
8126
2108
1638
13
6445
9016
7606
4416
225
7455
2902
3570
2789
2668
4499
864
811
1830
3483
4235
3082
5534
5638
9929
141
5353
7480
2939
1071
537
4990
3262
4336
3094
3735
5674
8060
9673
2933
4837
3867
6176
6839
8446
8420
7870
793
4229
9741
5283
6251
311
9940
8558
5796
52
815
7092
61
9000
2808
5656
8091
7839
4035
1564
8793
8544
2971
2460
8008
2364
5930
8159
2204
5464
7219
8036
6910
1175
8940
6276
8478
3633
1112
8851
8443
4713
1059
5615
2500
998
5062
6373
6395
9895
5669
5736
3315
5118
8261
1738
6734
4683
1644
4632
9433
4731
4704
4598
7765
7271
4612
1284
1580
7466
2321
5637
1228
2805
7880
4048
1512
1800
7000
7783
3591
592
7646
4647
167
4602
7368
3903
9684
4366
5228
3681
2089
1967
2369
6266
5937
4279
1499
163
2626
6347
4675
8057
7034
1500
3901
5131
4610
7989
5181
7775
5076
7083
