1071
3060
3142
6037
6671
1881
6096
2247
5452
932
8007
7853
2724
8827
9088
1982
4535
8309
1505
9810
6346
9773
2569
511
2426
7115
921
5729
9405
5032
6343
7565
8040
4510
8815
5119
3691
8853
9992
9378
2572
6320
4286
2556
7974
2480
4893
327
665
8457
753
903
5488
4378
1280
6021
5516
3321
3870
4529
476
3286
2265
7312
2522
3319
9049
683
8896
4826
6519
1692
6186
996
1432
6102
5931
421
8858
739
3217
3208
520
2018
2255
9265
7185
1897
5198
176
7422
6024
2058
8892
4084
8727
9280
5817
8806
7800
1531
6716
721
7093
5285
8437
1986
5145
2016
8878
6797
4469
1539
5698
5917
2473
8562
822
6569
3365
2926
239
4605
1709
682
702
8122
9334
7136
3962
8044
8876
7013
7114
5059
7260
9755
1562
9673
2911
7533
8023
916
340
6040
1259
872
6454
8543
1948
30
6790
1504
9985
4504
7412
8214
5815
6818
6634
8509
7020
9569
2789
3474
3009
7090
8382
4559
2231
4995
6171
612
8513
9935
7326
6854
2548
1143
6843
472
6264
2603
6299
1521
2381
4210
8372
633
8100
4799
7010
9030
154
2940
5348
4514
4703
3788
5554
2858
449
8765
9627
6126
3059
6518
8940
609
1427
7946
9786
2456
4337
271
4874
1022
5837
8273
4104
3080
2186
2963
4577
5052
2777
9444
8153
6310
3360
1988
5708
9727
6996
6189
4603
6526
4054
8051
9784
8105
7811
7849
7530
2780
4349
199
1318
3771
4166
606
4888
6906
4960
5474
1803
6010
5849
4586
8242
5064
3143
8701
9901
4080
9518
1762
6700
2439
7916
319
816
1613
6579
4813
2508
2585
5825
6428
2566
1836
5314
894
649
6416
626
4828
7269
8443
5195
8049
8941
6483
147
5300
8644
6827
1350
2830
9876
2646
8835
92
8514
8539
5556
6961
9857
8421
6370
9683
332
6894
5166
6710
4012
8581
3273
3390
9560
2389
5105
8897
1937
8507
5251
3216
567
244
1365
9744
2972
2463
8935
8711
8668
9219
9399
247
6506
2551
405
1805
8649
314
6655
1874
2185
300
2051
5869
8963
3271
1972
29
7551
2309
3551
4537
6394
2320
9783
5053
8267
9964
5165
4860
4711
2567
1422
1080
5665
6294
5614
6124
7520
4536
516
1470
8978
8638
8912
4431
7834
9079
9482
2712
464
8758
6836
8965
5893
7139
9754
6652
6108
9933
8462
3002
7075
1739
7450
197
5263
7233
3488
761
5483
2169
9203
6191
8059
9311
4284
7286
3631
5090
7744
23
5755
6793
4844
7050
5959
5067
6284
8906
1023
1738
8
3053
7829
1740
1882
7311
312
227
9066
8116
8490
3730
1691
7638
4117
8385
9240
3689
5973
1411
5461
9579
1347
6889
3346
8613
448
463
3517
7581
9493
1657
9871
3039
652
7989
9833
8004
3088
2477
669
6699
4610
4887
8252
407
5176
5118
9841
731
1599
599
1351
8401
7837
8874
5527
1930
9101
1314
9926
7007
7333
186
3729
5175
4185
1475
9908
7069
1752
6993
8410
4511
6831
8222
2593
5397
8155
1959
3964
7570
7095
2227
40
2277
3609
489
3254
2354
4242
5462
9506
3482
8415
6618
6547
1131
9844
891
6184
2792
9636
3377
4553
7540
2824
3642
5997
2610
399
3675
5716
5061
4530
5083
127
2284
8536
2331
7379
7465
9795
6358
2707
6759
6701
6808
9764
2282
5184
7243
2844
2955
898
9666
5168
1474
2356
185
9471
2466
858
6252
5430
5237
6019
7272
2003
3341
8220
3638
760
8691
5449
6418
203
7769
108
7766
5057
8142
796
9127
9135
8018
9980
4706
2049
8414
4685
1947
3071
1376
8193
9062
4598
6739
3959
4021
4599
1845
26
4036
7594
2251
7515
4356
9398
4568
1921
6257
8772
4454
5297
8952
8205
8652
6388
8526
4315
5312
977
7641
1609
3903
736
6087
9323
8877
5321
3764
8670
4239
9458
5201
3533
2493
6307
5868
1635
2157
1156
6513
4516
2128
1605
2191
6640
9286
7129
963
169
7500
487
8330
5807
9645
7728
7983
3841
4849
7213
972
87
2038
1654
7227
4708
456
388
9076
3779
3193
7224
2834
7338
1513
6182
4882
2747
2068
9149
1428
7958
3633
9688
9991
8056
3802
2643
6805
5883
371
1526
2788
922
5441
1388
3055
7913
4648
2418
862
4938
7623
4215
4292
5510
530
7568
7822
9231
6292
5730
8325
2717
5186
9897
8104
1358
9618
5211
1229
1337
7962
2133
5376
5921
565
9696
233
1017
581
3811
2705
8553
2346
3356
5923
3036
6497
5460
462
7567
8138
1782
5943
7495
71
10
1384
9969
4259
2981
1896
6568
7210
33
5870
2482
9397
9440
9779
1416
2497
9748
1164
2743
43
811
4082
1051
2216
5840
2612
8422
2589
2767
990
6072
4669
2158
8533
4125
8931
6474
7862
367
5520
3306
6779
1835
9662
4001
999
7618
9165
8671
1901
5822
2870
8890
1082
6393
3816
5050
6866
1735
7978
3644
8860
848
6245
7627
1194
6262
8899
1175
8403
5795
9847
7748
8229
3097
8091
7663
1894
1713
3795
9392
4841
5929
6873
210
9268
8108
6598
2663
4258
8287
6206
9514
6420
3234
324
4967
9766
9803
3293
5277
3058
7611
3264
3868
1276
995
8864
9409
2336
8590
2518
3682
8781
7928
5244
6931
3433
9905
8130
4809
3904
8918
1801
8551
6661
335
5666
693
4812
1385
7880
6532
438
3712
5324
9543
3797
2939
2233
5887
7786
2748
370
8632
5495
1191
1435
1508
4927
1785
2136
9751
9988
3859
242
5185
5714
9682
1119
4139
2891
8961
3546
869
6782
7966
4678
3297
50
9548
9925
5995
2803
8219
8409
1304
5946
7724
4204
1445
8050
780
9080
4468
8752
7665
3505
594
670
3456
991
5269
4301
2971
2373
1751
193
4774
6407
1477
2275
5530
3563
123
2360
4571
4930
1195
5298
3148
7780
1515
9447
349
9817
573
4319
9793
730
4895
3892
2903
4203
8468
6288
6153
8077
6607
7006
2422
4020
8872
5217
1218
9003
3236
1927
2021
8870
1703
6764
8326
9575
9649
9767
8716
7735
6172
7322
7201
2187
3831
5972
9118
6056
3137
6196
4520
7517
8344
9257
1409
4524
4011
2432
7385
4768
5286
1589
6485
9530
3687
6085
1585
4360
1536
1816
7898
8746
3464
7692
5854
8458
4004
7483
7342
5813
2177
7226
7425
3817
2809
9650
3307
4665
7428
3325
2276
1112
9078
3194
2150
2312
908
345
3610
5577
9599
4550
1088
1824
5536
1363
3499
9896
4184
2682
9015
4085
63
4846
3343
1258
642
4561
3333
2595
667
6232
4175
772
1629
5478
2260
5479
9653
9854
4541
7819
9403
4558
7629
9338
9630
5315
798
4999
9180
3486
9389
5643
9204
3202
9584
8565
6950
1328
9532
8661
8680
8448
911
6899
1067
8162
2526
9100
9288
4570
315
8655
9480
956
2366
8895
3227
4608
8227
805
1676
4480
6270
774
2571
5353
9431
2782
3572
7988
2555
7423
8405
3040
6531
7751
9196
3780
9390
5937
5970
3853
9249
7408
3800
1290
9870
1319
2734
355
9700
3158
5079
8753
8082
8058
3374
7782
2583
8272
5465
6082
7789
4016
1100
6604
3736
6540
8361
3370
4801
9932
8230
4161
5432
668
969
9379
4513
7071
3355
5878
2674
6947
2956
7162
2188
8911
2449
800
724
1285
7514
6688
640
2665
2215
9156
3666
689
3113
6960
6449
1138
1271
5329
1366
310
9705
208
4265
5558
8698
5431
5707
6528
7491
8989
6158
6250
5045
6681
2458
6090
8650
7556
7296
2378
2083
3415
6575
1494
6439
8920
678
6285
9838
6044
2267
8658
6125
5235
7067
3600
4466
4817
3661
5922
9621
1129
9539
9499
4338
8031
9404
2246
8719
2105
6834
7771
6156
4953
5800
6964
2759
3976
5540
7368
5612
5980
2998
7635
3231
2616
166
586
8780
4074
474
8322
2681
9631
7907
6601
254
4141
6089
3248
0
7726
6495
3085
4055
2685
6480
2409
1730
9893
4420
6478
9895
9570
3410
2885
5202
3243
20
7553
8798
4162
4916
5146
572
9892
7712
9875
6350
7439
5617
9402
3065
8960
8125
8612
6807
7718
6029
7211
4652
9056
8351
6119
2086
2965
2580
4858
8173
9494
7755
2028
2137
8005
24
5485
1058
5685
4674
5212
3421
295
9154
5886
6814
2890
4686
9329
6222
8473
8666
1707
9907
2929
1503
2490
1211
5873
2487
6953
5996
1389
1487
8548
5365
1200
7469
962
4831
3351
6711
1398
1899
8904
1087
9701
6174
1078
523
4374
6451
2501
8170
4318
3685
9340
9212
1747
890
6276
5606
7795
6992
892
9411
8311
2194
7513
1450
1565
2402
5224
2026
3253
1817
6188
8637
2745
6147
2822
8466
5890
725
6715
7984
6481
1702
2269
686
2935
1992
5608
5990
6691
4969
6475
5566
430
2189
942
8266
4749
1430
2114
2876
8907
440
8786
90
6792
8008
2983
9086
6152
5167
6230
5913
6785
3668
9986
4581
1645
2009
8179
2671
1159
817
885
9651
8085
8145
8456
4923
5490
7869
2008
3175
8607
3888
1766
9304
2916
374
6557
2061
285
144
6004
2510
6208
110
4481
7434
681
1524
6376
3697
4742
9679
2517
3756
4144
4062
6624
617
955
5192
928
4087
2594
6922
8331
9236
4177
7609
9383
4936
1024
8261
6591
218
5762
9124
6685
1174
9320
4855
6859
5874
1871
9756
3181
8928
351
4925
1638
6643
2855
8474
7077
9929
6679
2644
9517
4498
3828
558
5429
5897
1473
7921
3678
4794
1489
7676
6035
7094
7033
1708
7259
2840
2037
6735
4130
9140
5279
7297
4955
1459
1746
9027
9848
3302
3793
9957
4760
1202
7364
5588
6241
8039
6378
4229
1073
5763
9285
8846
6725
9537
5728
3658
1227
9914
5585
4371
3222
6324
4624
8842
5258
2946
5187
9366
7813
8777
3507
7334
6778
8559
5703
3544
8329
1320
3910
5403
6298
5741
4847
7492
4767
8803
6590
4604
1330
2966
7727
321
9429
2213
4090
2029
1439
912
531
4850
6215
5450
6233
8065
1580
8019
9384
1326
5855
5454
5672
7725
5319
9109
5070
8766
8730
4994
7941
7396
4655
7642
7973
8797
1900
1852
290
9819
9510
4314
3367
8147
1417
6502
14
1788
4984
1214
409
4729
6613
6944
2598
1546
4840
929
1184
6020
4838
9527
1091
5991
6908
4505
7389
8667
4528
5844
4512
3511
9188
4419
9168
3332
8332
7934
3650
1864
2166
8233
4250
1913
8694
4213
9770
356
7784
947
1180
2271
514
7096
8265
9880
1772
4296
6073
6722
7647
5924
3601
3212
9824
9445
3667
1723
6714
8463
8383
5174
3363
8567
8451
7657
3927
8010
9146
1165
8283
5136
650
7835
9068
3785
1903
5378
5757
3074
7133
1357
8127
1480
6336
2645
840
5950
5299
5436
2129
7925
4057
266
3863
3130
4924
6845
5084
8284
7930
8577
8152
2002
8922
1683
8006
6880
8662
2055
7191
5343
6490
6786
654
153
7266
4758
9733
9465
4235
7426
1121
6746
6930
491
4246
1339
2295
1596
9690
5049
4432
5273
5214
9210
5486
4288
1056
3521
9319
3549
1476
8151
6507
1722
6404
2056
4776
2894
6603
1153
2906
4444
3574
7589
7717
9354
1373
8420
5137
5690
5667
5206
5791
2167
1550
6892
3031
9341
6637
4231
1528
9300
8555
8475
5603
7424
580
6467
5332
2653
495
5139
6068
4397
8072
1492
2990
6673
4595
2401
6885
8512
2427
6331
743
2319
8932
9873
3057
5978
3201
6871
1379
3287
7355
849
7763
1567
4808
8433
1890
2
8541
7392
7347
69
5207
9394
6220
2778
7186
2348
1207
8937
7876
9019
9137
3575
7703
9474
3908
5065
1209
3611
5245
9511
9879
6050
8146
9136
3715
3701
2630
9343
6988
6525
3960
5138
4666
444
3025
6562
9274
1711
5033
8192
9107
8713
5420
7886
1374
744
6857
4237
9966
3023
9158
4033
7125
8353
1205
4093
9846
5007
1493
9425
8656
6246
8639
1440
5637
3848
2399
3290
3704
6589
5823
5487
4622
4739
3584
3242
1424
2658
9476
3313
5885
8635
3801
4668
8366
470
3408
5867
1443
6456
1269
509
3931
5231
4060
9185
293
2209
9745
5280
502
1394
8477
575
917
6168
3987
3476
5200
971
3371
3299
6167
6060
7268
8003
3901
5288
9692
7918
3090
6868
6902
2299
5979
4160
3150
792
1247
6828
9802
7843
1418
9143
5865
2531
6235
7636
784
229
5066
9025
2538
6176
3950
6460
8134
6728
1704
9435
9252
9258
2425
8651
9362
5754
9214
732
2054
3100
6572
6919
6835
4619
1827
1617
130
6823
7228
4068
2460
6291
1179
3929
5015
3215
406
4013
6907
2520
5339
307
3400
2393
5965
8665
9675
3630
3951
160
7087
1773
7373
8735
1086
6006
2744
8688
9626
9145
3403
4506
2239
2387
7318
5820
699
2814
4386
7968
6375
2374
7481
415
3970
5611
6080
7411
4701
2689
9069
2845
1511
7651
5161
6287
8259
8202
806
292
3973
4664
2124
8120
7922
1142
9483
700
7088
3500
1237
7049
4302
9057
8141
789
3568
4354
380
3017
3468
6731
5734
6101
9063
836
9373
1343
5989
9902
2823
1274
4373
2281
3238
3799
518
1918
512
7275
8623
6025
568
6076
4974
2441
8306
299
614
8582
3503
742
7166
3385
4777
6106
2059
3981
1206
2165
4902
7181
2171
3103
4110
7324
3846
6848
8792
343
4730
9837
7535
4339
7021
8646
9207
5539
4780
3472
2044
1367
5116
9365
9093
1961
579
7812
4295
4095
1640
7960
1990
4943
9881
985
4452
2642
5834
8088
4384
4614
1630
2842
2070
3354
5932
6563
3637
5810
9676
4458
2286
3128
172
2836
2153
3465
3607
1181
2283
74
7951
5587
4691
6374
1636
2074
9401
8364
9832
4942
5914
1622
986
2494
5945
4724
3255
2678
735
5819
8983
2667
132
9456
3743
6279
3636
6113
9421
6088
2752
2578
6869
1397
1721
6719
7729
1372
4726
7722
9528
9016
1334
2999
5956
5447
2364
8337
1965
5892
7110
1420
7328
924
788
9547
7547
6384
4294
5738
5693
4107
517
6840
7653
5974
3952
8143
7172
1085
4368
6455
9633
5534
9568
4188
2398
5359
7606
7152
7134
4196
3154
7592
794
5492
2505
2626
7935
9167
7797
5228
2690
3554
2697
4798
1281
171
6895
1879
3917
1027
9114
6098
9007
1461
9208
6030
6218
7598
8794
6486
2411
7354
7479
3961
3967
278
3758
1036
9126
998
5641
598
4857
9872
4131
363
3664
1333
8898
6195
2750
2248
483
7778
7151
1016
8608
2635
4661
7987
3096
4066
3734
5750
5692
1454
578
8034
4061
5843
3875
2970
9065
8349
7870
7857
5526
3518
2590
269
5599
4856
5196
1514
4873
3654
1197
6946
383
1170
820
1865
6154
610
2180
4961
7770
1656
7531
833
9659
7325
2500
170
3168
803
5493
5148
7250
6573
3805
1642
8471
7585
8430
2749
131
9981
2109
142
5625
9344
829
7683
1759
9460
8026
3152
1270
4366
2944
212
2369
5160
9222
6278
3599
3830
5621
7497
6545
7028
2650
1458
1243
7316
4848
134
8446
3834
7212
2815
6271
494
6732
5509
8316
4629
7562
9967
7445
9534
9395
1698
5014
6409
1693
8585
5163
3827
5616
6820
3857
8300
1606
529
3965
9041
9467
8994
5496
3498
8480
9842
1283
7486
5952
6537
1592
2812
7933
8908
4187
6334
3845
4202
1407
9081
5035
7383
9037
8203
601
4003
7926
4725
1096
3221
9322
1561
564
7599
809
1851
8428
4921
7367
6491
9740
4747
2699
8517
9355
5545
9741
3092
1355
7167
187
3301
5759
1651
1750
4538
8657
7764
353
719
4328
2362
5651
7056
5422
1166
9308
4423
4445
7844
2358
7699
473
7757
6900
3930
8967
9198
3422
850
3463
6551
2308
1429
1074
1611
3814
3183
7993
9256
9772
3742
6976
4590
8905
2727
1045
8873
9321
4952
369
122
2597
9453
4714
9976
8135
3564
5041
8783
1500
6105
3309
1810
2709
8290
9523
9099
925
1963
8246
1838
7787
8054
993
8238
8813
6745
5677
7749
8253
3684
2182
8538
6064
8924
8074
8425
2321
3872
3941
4897
9230
4892
2602
2818
1850
7827
3612
2933
4321
1668
9085
4438
81
1669
6584
6406
120
5963
8707
6800
99
3214
7478
9920
2072
272
4472
6169
1858
8118
7597
9147
884
1872
302
8532
1282
4878
4089
141
5919
1854
562
9428
4933
7144
9295
9163
2001
992
5456
710
958
6369
3874
8276
937
1004
544
2796
1062
2686
1997
927
8318
190
4814
1910
1768
249
180
150
8232
5389
2683
5091
3458
1006
2489
2212
3725
1488
3280
3441
1268
5740
258
4786
4304
3542
3118
5246
8248
4660
1433
6094
9077
9564
3557
2762
556
6055
362
8231
6357
5336
1289
1040
8875
2036
7351
7863
7086
7291
1018
3595
7375
2451
8024
7380
6293
2774
957
1579
7261
7315
6231
9315
7022
2960
2798
107
8181
2262
7658
7825
352
6970
5955
9446
9939
3349
7542
3876
7254
6989
2174
8285
615
2359
3510
8826
2805
2340
7937
8196
9220
4705
8848
5413
2204
8070
692
8211
4825
9455
7912
2417
7009
9184
6813
7174
5448
3470
3105
9713
4750
6083
9477
9608
7976
7543
6318
9072
484
2063
8298
8867
8426
3589
9144
5681
9216
5350
687
3709
9816
9248
6132
6482
6667
1666
6683
263
2017
734
5392
151
5770
4421
3311
8441
7891
2415
9997
3109
1556
8583
8317
4226
298
5204
2721
1745
6627
7854
8197
8043
8212
2905
6694
3246
174
4820
3560
4353
6588
4589
7415
4732
6221
2099
264
5930
1886
7544
4183
2604
9760
5004
5076
3165
8568
140
632
7949
5576
9125
8395
1216
9781
2751
7691
6893
5340
2121
346
1010
5069
3122
834
2448
72
5736
1855
4096
658
2249
5538
7017
9059
4485
4644
4409
3067
6794
946
6693
6067
6770
2584
6173
1329
1293
876
5949
5386
9218
4700
9931
7561
6390
9704
7240
1072
6032
5735
359
8546
2263
9190
2048
1829
7693
1460
3003
2953
9965
7245
1568
5987
7538
6578
7894
676
2396
1403
7945
53
8354
6403
9044
2376
364
465
1235
9264
4171
3889
59
6765
5038
89
7308
9173
4947
3061
2317
1809
6712
7806
1044
6216
9497
2521
5581
8690
9562
8589
9291
5658
8682
4781
3665
9536
3944
4389
979
1530
1348
4132
4673
3540
7741
3776
7625
9254
6860
3969
3483
6155
1934
5387
2071
6129
4414
3397
9159
4351
6672
5565
231
109
6432
7695
6777
8343
9533
6548
3288
3308
723
3106
1612
9703
7858
5773
7247
3001
2976
21
8110
5086
5006
9648
6621
5935
3921
4643
4746
8191
2740
4968
167
5660
7920
5903
3027
8245
4596
2363
4627
1920
9603
5578
1506
8491
6774
8751
2160
6833
4496
236
6921
4224
2408
8365
6750
2315
2739
5696
7370
1245
4833
4486
7116
2210
3865
3945
5427
1453
4676
2368
54
7468
9771
1800
1168
437
6937
4440
3946
2438
7332
8850
5257
8579
4753
9694
8013
613
5220
588
4879
7082
5542
6801
8172
8277
7731
583
2784
9520
1019
4591
3446
4748
8863
9726
6858
3884
3744
9605
4137
9443
5075
8556
4383
5390
485
6841
6134
7239
5433
3235
535
9261
3953
1541
7147
2436
6977
387
2608
112
2592
4834
279
8595
3711
8062
7887
8615
2735
5103
1134
7560
9004
8945
6183
5267
2927
4227
6396
9887
4236
4023
2344
8916
5480
5796
4186
7971
1940
9640
7572
918
2901
7158
4039
111
2404
7675
5938
6757
3656
9347
783
9024
4079
373
177
8519
2065
2849
1256
181
5638
5688
9246
9053
5623
412
1563
6447
4765
9889
2371
781
100
8998
6514
1145
4633
9710
7034
9943
978
250
7406
3968
5489
5236
2987
706
768
8725
9571
9255
2528
3852
6435
2545
8251
9595
1449
3938
2041
1266
4114
5424
3300
7398
5827
5016
659
8301
5645
623
1978
4617
4971
1137
7905
1485
7807
8297
9698
8500
5861
7307
549
974
1552
8307
9067
9961
6523
9305
6277
3836
3420
2235
8057
5719
960
5239
6776
8957
5686
8747
7222
8830
9087
9558
7931
1814
5337
9593
1826
453
2893
4980
8109
6282
4883
5306
7532
9707
6466
4636
255
2123
7859
9900
7083
2781
6967
4557
8235
3220
4181
7011
48
129
9282
5058
8221
4271
8975
8001
9270
2127
8594
7251
6619
5915
5305
8659
9488
9869
7997
9191
6829
3649
1295
4573
1327
9987
1402
6984
4540
2895
6898
7648
7792
5419
8438
5953
4773
446
137
2639
2703
7145
277
7433
4298
2832
8624
3792
2923
7164
2122
595
4403
1944
2476
8825
2902
401
4279
7183
8413
2995
9070
4434
6446
1848
4574
9731
8487
1909
905
4326
8350
5957
1764
6933
5675
9407
3896
9928
6500
4906
2670
3398
7407
490
3124
6431
2062
1109
9491
2197
5652
4552
819
7861
1839
5199
25
4191
2959
3504
1784
662
9036
4361
9375
8684
9123
1566
8380
2828
9470
6114
2613
8618
1502
7752
1117
9667
6533
8868
8933
6349
7889
5243
6165
1595
3261
6450
7467
6110
2827
3842
4853
1468
2327
3479
3005
825
1323
1661
1472
3402
9580
5676
5846
8356
8728
7459
9120
7669
1371
2664
2914
9422
7620
4240
8643
4551
1892
6769
920
4602
660
3240
3621
4022
9492
1391
7682
1923
6327
4919
6289
1732
3211
6260
2240
1466
6315
9622
7504
2733
6752
5213
3849
6442
5354
547
4382
2151
9865
3050
3260
8642
8732
4564
5994
1471
2452
4017
6003
6400
790
1452
8741
9917
7563
395
1572
5094
643
3035
6644
2930
7972
5074
3347
8282
4594
5406
7633
8373
9813
3663
2573
8115
7634
791
5381
9628
597
8148
7798
9586
980
1065
1828
9797
4745
2816
7856
6516
8561
2535
1135
5780
8394
9426
6465
4228
8089
9717
3460
7206
5877
8139
2756
3489
4135
1302
8485
4944
434
7293
2272
1033
4425
1297
4190
1718
7788
2741
7917
6445
6387
1155
8804
1641
3207
7867
2795
2280
4261
392
6599
5583
1781
5130
9263
5512
5985
5684
3232
3252
754
9364
9950
863
2596
7508
3437
2915
6472
7490
2582
551
4527
5326
534
2718
4217
4555
6425
4909
2326
8703
6587
4194
9061
1116
2279
6443
7092
3643
620
8596
3028
5264
3718
7363
2134
4522
2206
9294
7304
2050
7900
8369
5463
2462
9457
5363
4628
1915
5894
1573
2161
5022
3735
9148
2943
1240
6656
6180
9215
7963
9391
7453
6018
5276
5012
9247
7608
1183
3258
8653
4839
6130
6561
6817
5320
8884
4865
9233
9479
5760
797
5670
7256
1189
192
3394
8891
8774
3491
6554
1172
7496
5102
6175
7395
7852
2361
6702
1689
7579
8724
1967
7591
5610
8117
7877
7814
1201
5370
1771
9677
481
7967
5632
2414
4251
1107
4501
4637
6011
4699
1842
3933
7360
4182
636
8997
6546
211
3602
4985
113
9363
6166
7106
2619
496
479
6236
2942
3407
4040
7305
2546
8518
3982
9566
527
1535
729
9619
7357
548
8664
4575
2254
5162
7386
4802
5311
1625
6314
4795
3617
7084
5966
3588
4679
6684
4549
3728
7203
7051
6816
1048
6660
1093
2383
6903
673
8991
7510
4346
4707
4783
2440
9330
8210
3832
5023
1942
1954
3693
9505
2034
8190
6468
3906
7839
6904
7438
1315
9709
3389
313
5375
4442
1998
6360
7774
8454
7678
2928
3839
7359
4494
6666
5718
1905
6896
7737
7403
9762
5221
9989
804
6955
6345
7040
7860
5205
6720
5127
2433
5774
8510
4347
9181
3994
224
1600
2599
9326
1616
5998
9325
6300
5181
5124
4086
4115
3435
711
3218
8453
2053
8675
5981
8093
7518
7586
1646
7810
5344
4997
3703
3603
3567
4531
2453
4330
9519
4332
7008
3477
117
8027
5804
9949
9830
8757
9484
6382
1158
5993
6356
6929
9716
303
9512
5785
9408
2007
2207
4119
8424
3225
4639
8011
9747
1325
3083
35
4410
8871
3537
9661
2192
6850
9602
7740
6852
7443
4911
936
4784
3672
2228
8092
1286
471
4471
433
4428
2149
4650
2662
7881
9466
4155
7621
3714
1964
814
5361
3484
5081
4702
5388
4225
3251
9121
6097
357
9284
4102
4462
515
2775
3155
864
9835
4843
4049
2611
9968
8949
6622
9495
6795
3077
6639
6913
9486
2769
1057
5709
8990
8375
8066
5001
2461
4576
209
9103
4785
2550
8418
2523
1362
2111
6695
4446
3450
5383
5977
4815
5282
2337
4920
3409
9638
9183
9765
6891
9169
2245
2000
868
3696
708
6623
964
4970
7444
4950
8901
1614
4464
9664
2591
3179
3107
8954
6870
6593
1301
4111
4327
1727
3051
8817
6041
4449
1203
2338
6761
9725
6942
5691
3732
9544
11
2380
701
6181
4791
8855
9175
3695
1349
1849
7721
8566
5713
8494
2435
9868
6564
2039
8411
899
5550
7103
7821
6934
7841
5190
3196
9112
8404
4038
9376
3822
9757
2030
1272
5680
5650
5405
1700
1020
880
2101
4392
3043
3008
9681
9624
3749
6197
4803
3267
101
914
5547
1863
2633
987
7981
283
4443
1907
8240
9877
3972
9164
4156
3348
1223
9242
2666
8095
9738
6008
9132
1908
9092
1063
5647
7494
1919
5743
9224
157
718
2848
7377
5411
9356
2962
5710
8722
205
9800
1958
4099
7019
3943
4053
9417
1041
5549
4143
7121
691
7534
5208
2200
291
6081
9309
4109
9953
2089
2868
5888
6141
9310
2138
4515
5634
503
6887
51
7310
2112
853
823
5293
1518
1687
1070
1527
3294
2877
2878
9576
5259
2826
831
2261
1557
3044
9759
6498
1021
7097
1291
5580
1390
7670
86
2040
9200
8925
7750
3719
2669
2862
6303
6069
2131
2515
5739
8723
5573
5636
2377
2082
8452
5781
7388
4260
1582
6012
1853
3257
1928
1481
8455
1419
5528
5063
427
9172
703
9267
926
5697
8641
1736
432
8520
311
2164
6487
9406
4282
3326
685
7885
5737
757
8315
6773
5787
8737
2675
3883
38
7394
553
6648
4797
6296
2006
3426
6187
8558
8699
4287
9060
1311
7554
9693
3392
6729
165
3324
1332
8079
6978
2322
8144
585
915
3418
3274
2042
268
5898
175
6536
2785
7402
2306
1977
178
8098
7447
666
3304
9048
6459
4113
1705
4380
6707
526
8599
482
7262
4978
5068
9923
8355
95
3277
1122
5659
6832
7659
1149
6635
3159
2025
6901
5811
8614
5225
8286
3705
9572
842
8791
7113
2084
8195
7217
2479
2825
9538
3878
5663
9936
1749
7732
9083
8289
4430
1298
3197
7596
4200
6709
2492
5030
3388
2052
6535
3694
9563
874
1234
875
6650
7783
778
9316
9128
3787
9542
4796
2506
3651
4612
2444
9669
5836
4230
6053
6748
5531
8849
8189
2973
6161
6033
77
6527
3024
7823
3958
2102
8022
3037
3162
2958
2223
4689
6665
3386
8570
7089
5002
2731
3648
6837
6747
8308
7607
2012
5717
7200
4822
4136
1604
3281
8702
7456
3469
6240
2132
1321
280
5036
7276
902
1818
7730
9691
216
4869
397
1706
3708
9317
9906
7118
3772
4263
2115
3579
9776
9807
1725
4607
3266
1467
2636
7775
6909
4222
8977
1795
7545
2471
5590
3013
910
2130
8801
3606
286
6137
1353
1925
7046
7927
3837
65
6239
8440
8370
8362
8709
3673
7249
5384
8036
555
8336
8061
2005
5543
4169
8223
6243
5357
4283
5522
1957
8158
1128
5829
146
7895
7965
2863
8888
6586
8779
5240
5733
716
2172
6144
7617
245
6194
8634
9642
571
413
2753
6214
7409
5443
8679
1774
679
2654
411
4600
3228
7924
8268
4424
7985
4948
2159
6698
1381
7025
6524
7552
5721
7507
2850
6582
3591
6999
2918
5570
1231
3318
8071
8879
5193
4280
674
2168
9009
6133
900
213
3524
6015
1510
3269
1222
4836
8917
6410
3314
671
8389
6541
1540
9000
4545
8785
9557
348
2437
1697
5096
1887
3555
7557
5589
3416
6986
2013
7677
758
3116
7713
1279
7215
2647
841
7593
5942
6322
930
6974
5564
9327
4613
8628
8705
6781
7602
7577
4914
7529
1559
8224
4645
5695
6705
570
4913
6609
4335
2311
3999
7929
2349
9884
7463
18
4632
2700
5025
959
8685
5040
5255
9237
1681
952
7588
2562
7666
4757
9436
9818
2640
808
2475
8647
4740
2043
6687
7956
4357
713
9020
8909
2117
7288
2936
1911
6392
7248
4034
1690
4963
7014
3679
7461
3177
3821
5891
8910
5031
1083
1157
6704
5833
8204
2627
3902
2819
8371
4475
3497
8602
240
9874
4122
8388
488
3213
2100
9039
5928
223
2524
2057
9999
2896
6708
2961
7313
2907
9535
262
7473
4450
4372
6503
3738
8009
8174
3492
2871
6566
8112
1444
775
8467
2922
1830
9166
2758
7079
2540
4307
3000
7687
3303
6697
6954
602
2410
2764
2631
9718
2977
2394
9
1758
2574
4212
7060
6505
6046
7471
8459
6945
7672
5323
3615
8955
4128
2869
4806
5369
6145
646
9647
1108
4592
1296
5060
6581
1924
1336
4405
5803
7767
7421
287
4713
770
7996
532
7016
3897
9658
1238
6052
3986
6935
9430
5640
7353
3545
6879
8984
6342
3529
8320
2920
2405
4334
7044
5468
1462
1847
6005
3618
2924
2495
6690
5106
3807
8574
9750
5805
2634
8213
9489
2221
1068
8782
7901
3924
4490
3541
2125
5232
8465
5900
9706
4623
2443
1602
8111
7149
584
9862
4584
7135
8832
9346
9855
4015
7138
2203
4025
1533
4659
786
2252
7851
1660
6657
8528
6273
8972
1939
5629
6881
4922
1288
1127
9930
6517
6427
3539
6259
9005
5073
7246
6550
6771
5808
4631
4048
4534
6727
7284
6811
3361
2289
5143
384
7939
1880
8274
1406
6237
5851
9963
8206
4127
6755
2296
3851
2889
3467
4929
6116
6423
8379
8288
2107
6628
2202
9297
8486
4478
4495
3553
5838
2350
4254
1819
536
879
6213
6638
4290
6415
1434
7828
3556
576
6199
7265
1763
9296
2285
7063
155
847
4045
1009
8756
3866
3276
8038
6803
7078
4063
5563
8764
8390
3338
9959
3922
9487
8744
7109
7761
3581
8714
9228
9672
9581
6897
1292
4174
8837
6185
777
6678
2742
6809
9955
3948
8163
8175
8303
2430
6433
4751
9686
7267
8171
486
5407
8237
4234
4593
4682
4731
4193
4167
4
8444
8187
3019
8807
6251
7832
6268
1182
6911
7221
9589
6048
8340
3593
1132
3445
1832
2852
8869
9226
4343
1031
9613
5153
7080
8572
5418
4448
3993
7065
5292
563
6075
6458
6511
3448
655
3619
8700
9789
6283
9272
543
7196
7630
4562
3570
9211
241
854
7739
7475
9223
4769
1686
4008
5156
828
7111
4010
1941
1811
1867
5571
5234
3010
5027
4886
9904
7039
6522
2533
2412
8164
8743
3746
8611
105
3427
6939
8919
1987
4493
8560
6042
8183
559
4723
2534
941
6329
1522
5252
4172
3133
2278
9952
5445
1821
3871
4153
1162
8587
5814
6193
7341
1554
857
2236
5425
7458
1885
1370
802
9995
4474
7765
4556
2450
1003
1094
5559
2514
8035
5683
3825
6045
5149
1075
3379
1244
1671
3436
6796
3914
1316
7197
198
3686
9583
1187
8021
2921
5630
9521
1996
6093
7099
3731
4715
9954
9758
4601
358
871
9974
6617
906
5936
6565
7952
2382
6131
232
1136
7652
948
1776
2527
2301
243
2066
2714
4945
3752
7768
1620
4129
6753
469
8580
6332
163
1455
4178
3119
2563
3339
8573
3794
6047
1335
1898
3767
6680
9565
1120
5310
2859
6136
1743
2023
6959
1639
3473
6436
372
9312
1577
2085
4051
9353
9279
4533
5896
9452
4385
3140
9845
9601
1719
6115
2702
2388
9594
7489
6007
6538
8985
3285
7345
7932
2170
1219
6227
6981
5725
9098
6395
2875
7738
5934
8046
5595
5476
9022
5920
8788
1726
7410
9823
5173
5797
3813
935
4683
3263
3176
4069
8495
3161
2817
603
4951
6948
4965
4323
663
2027
714
4827
2155
3210
3810
4507
8469
4126
3032
8136
8696
1991
5884
9918
7664
5024
2175
6616
8749
639
7178
6201
2484
3942
3239
3516
9496
707
9972
9979
7238
3890
7068
7352
9711
3292
2179
8629
4375
9324
3856
821
6772
5756
9596
9490
6190
9791
9723
4759
3127
776
5471
1408
4941
1532
6339
3226
2241
3760
2403
3614
616
7319
7112
6982
506
5857
1060
5517
4207
7127
7897
6009
3985
44
5964
1123
1308
4876
2372
7896
102
2560
2035
5732
9360
354
550
9108
426
7323
3391
3076
4274
3652
1968
7874
2547
4891
1929
5270
5155
3854
9734
6726
4121
6247
3396
9859
611
4609
4991
1603
2641
2205
5112
6014
7277
391
9195
940
8255
8776
5901
7736
6248
4028
3576
883
1765
8902
7041
717
2558
4778
5618
4890
3327
5967
1273
7300
2988
8048
2586
637
1767
1322
9032
1517
2947
8226
9782
2323
8544
450
5437
3241
5507
5776
342
2549
2552
1114
1262
8971
8028
2226
7516
7477
5984
2964
8838
8889
3991
3033
8591
1931
6521
4937
8254
2831
1146
4615
7733
4852
3624
6987
2375
1404
7029
2651
9038
4198
1632
9427
2800
3843
5916
9433
3548
8549
3316
2676
2032
3706
3512
782
1255
3430
1807
9287
3126
7076
8121
5020
6501
2045
3493
1307
7799
8502
5242
4245
189
4158
4170
2031
1917
5940
8087
7309
2469
8126
7671
4276
672
8929
8822
1904
8321
2791
3882
728
6585
3798
7938
7701
5393
6254
7644
4059
85
5435
1236
7081
4324
5000
7098
8686
3182
9193
2888
1447
7575
5656
9882
1354
1204
398
270
5792
5498
5789
8823
3707
5551
756
2648
3466
2949
6205
2755
4894
6103
2989
5674
9481
3189
9008
4654
5910
442
3861
3233
2273
887
3626
1677
1674
9606
2772
9245
5095
6826
7405
2468
4070
9414
4476
1025
2445
226
2787
378
2193
7126
8677
7437
9463
9962
4859
3604
9947
9055
5620
5367
5029
835
6265
6918
9031
1049
4677
2421
6209
8302
2217
6492
933
771
8442
2861
8334
4026
4400
7027
7365
2347
2801
2746
7431
3937
4872
3120
6179
4744
6966
7057
3916
6424
9089
4663
631
7711
4807
3180
6039
8992
7452
2860
6411
7327
7747
7525
6649
8269
7287
6207
4761
5396
2808
5098
8215
3256
712
5197
125
121
7337
2704
7487
8847
3312
3928
860
8861
423
5055
6583
2655
8609
8857
4077
1846
4578
6642
9153
7569
1932
2014
418
7709
886
7573
9689
988
3739
7546
7207
8393
8926
837
6001
5346
2980
6594
9232
8064
4907
6095
1303
1230
3790
3860
4067
5835
4542
1799
9561
4986
6914
7350
2314
2568
3038
5402
9656
4359
4560
8787
6606
3979
8622
2672
9719
1438
7072
7582
2310
7460
3084
7073
2339
8182
1804
9386
5801
3818
7273
70
3940
6983
4316
9915
3376
4281
8988
6675
6890
5260
1015
5120
2145
2609
5830
6882
9578
1989
4350
2491
4998
8460
6682
7743
1548
2076
5668
7723
7462
4408
8081
2904
6065
8530
7818
3362
6066
7258
8844
4311
7944
1239
5633
6344
8123
1754
2328
3561
2624
8887
7509
4076
5117
2919
4733
953
6877
7626
5746
9643
5646
5767
8450
6674
6740
3380
8484
4912
5712
1974
2856
5999
8119
3111
4412
705
5941
1516
621
3997
8976
4019
1684
3381
282
3480
158
9678
9012
5627
4509
5114
5529
2544
3723
6013
7643
8687
1876
3048
7348
6812
6127
4503
7378
9301
9780
2264
9798
4269
5747
6956
7940
9133
5727
2431
2097
9774
8645
4303
8739
5218
7802
2513
7000
9260
2581
6308
1356
5853
1064
6611
8107
8264
3915
6463
331
5927
593
6612
3021
5026
4180
2423
2434
2379
7234
7399
4885
6379
2615
451
1634
7244
9171
4964
8812
2087
6686
2543
9728
6839
9611
7684
8524
5179
4415
4539
9423
8398
2135
6924
6861
2695
2173
6091
5626
9851
8402
1796
7610
5664
8243
3079
4014
1415
1665
5303
2391
897
3305
1525
1007
7809
5828
2214
9333
5723
3178
1260
1953
5304
4642
7614
4256
7161
5758
2332
9708
4851
644
9387
9525
4754
9822
8943
9251
8262
9975
2290
5056
7036
8845
1192
9413
9820
2872
2985
6994
2530
9104
1610
9478
4625
7237
3662
7024
9017
9498
4142
9839
3171
6614
7035
7058
8840
6762
1949
9345
9552
7522
1317
5302
4006
3134
5307
1103
7808
501
3740
9432
7681
4544
6000
1694
5294
618
9335
9299
9977
3406
8198
7349
3334
7816
7102
5404
8133
5513
3773
5177
1866
9071
6162
7062
5793
3298
1797
3054
8360
3431
5473
114
1857
6107
1734
4300
8154
2766
6198
1171
1542
877
4508
1212
5164
2529
7694
824
3405
590
8496
9396
5100
5553
336
7824
2416
8708
4470
1115
7480
5779
4211
6689
9752
5523
2195
3881
8225
8554
4688
6219
4500
417
4934
5101
8946
818
6031
5628
1878
4966
2078
3620
5788
9377
3102
1241
8295
1267
3722
3978
5662
8140
2793
6228
1464
7440
5423
7146
5400
661
1943
9028
8347
5751
260
9500
7892
3980
1569
5958
2424
5097
5875
162
7043
5557
6316
4058
6326
2629
3713
5284
3531
4333
6703
1221
6372
7189
4580
1714
3006
1933
6059
7263
9612
1368
8893
5912
7882
8358
2305
9984
9529
4467
9419
2257
5864
9235
3110
9091
769
3737
2694
8280
2802
1061
7335
8399
3081
7485
975
7264
3847
424
9585
7639
5871
1564
8880
7202
8377
3763
9555
7001
8927
2770
8497
3669
6496
6304
9157
1125
2899
6756
6149
2386
9916
7942
7381
2807
7
2886
8733
6368
4457
8481
6664
7794
6754
3824
1190
6865
9945
3453
7576
4395
4649
8386
119
6234
3519
1670
5593
5742
648
9919
7756
3034
7637
3373
5644
289
1305
1099
8449
7831
7919
8041
6330
5182
6461
4367
9522
2737
9652
8012
2270
7173
3329
1393
8648
2385
195
6355
2688
577
8678
8851
6508
1490
7120
5172
2504
365
7688
7441
4620
3864
4482
2446
3778
184
533
8531
7655
2503
7074
1748
2069
9714
118
7785
6995
4404
3833
41
6362
7707
9306
8640
6932
6509
8600
3523
9671
5115
2268
8731
7961
6659
1001
2139
5266
5134
350
5605
8588
3509
2313
2661
7472
1005
466
4447
9138
360
801
6596
8721
2104
9095
276
7343
2978
4289
1619
3049
6804
9021
7758
8063
6477
6391
6117
7282
2092
7419
1547
6733
9550
1601
5466
6146
6758
2447
4030
6212
2622
5170
1377
42
3141
9825
79
9454
2126
2779
3163
3583
2887
6261
5722
888
6051
5639
2539
9913
4634
4179
3230
4788
7195
164
5687
5569
904
7619
4255
1820
4241
9462
9674
6990
1038
1534
690
1059
8102
4000
4958
19
2199
4145
2897
4870
6713
9503
8029
6397
3131
5434
477
8866
9052
4597
6417
6128
2392
7559
7219
4168
7329
5777
9116
7298
6399
57
9828
6544
4232
7759
7184
1834
2294
9239
574
2843
9276
9110
5518
5382
6302
5281
5126
6936
3087
4990
630
5818
1401
6462
2952
1558
8186
2341
8470
5591
4402
9763
1840
5863
2760
7908
6558
8712
3587
12
3634
2033
3750
5673
4497
5322
4972
7622
7002
8862
8188
6875
8504
4680
1883
656
7936
5784
3284
5504
7720
6888
3434
5975
4981
1618
2103
5140
7209
5104
7290
3748
7868
3022
9582
9812
8885
9998
8974
318
7716
1696
4364
5327
3136
3481
5986
9623
695
2821
5
143
5203
513
7451
6775
5459
8571
5501
748
6242
2559
2406
1780
3459
1053
4787
3490
1960
3186
3198
4695
9785
895
5624
4031
3677
4264
9504
393
9922
4313
3170
3538
5506
5003
31
4146
9956
1837
4743
222
3858
6738
219
2804
217
3295
9687
8689
6855
3653
3598
8292
8578
3755
6530
5879
3657
2047
3174
5159
4690
1956
1364
7340
1090
6203
9142
9054
3862
124
607
9339
4344
7506
7915
8762
4675
4583
9787
3501
759
4935
3357
5309
8681
5889
6249
8291
2419
7143
317
7527
9293
2917
5087
856
1946
4262
5642
6633
6668
7242
5227
4426
4041
3536
7064
762
6470
3020
866
878
3526
3282
6998
3219
5351
1598
1717
4546
8852
2472
6301
7943
6542
3660
7117
2722
4763
5598
3939
9799
9371
9794
6160
8185
5250
6957
9983
3761
4465
5532
9592
1405
1995
1844
1382
5316
5426
561
2713
1655
8199
8953
9243
8775
1396
5241
4150
9035
2088
5766
5720
7975
9213
3782
2397
1560
4719
5360
8604
6121
3412
7754
8216
9644
9590
3762
9152
75
9699
16
7654
294
4340
3172
7605
2673
5699
7205
3401
4523
2698
3411
1014
2711
6401
8176
419
1877
6577
9029
2910
6202
8313
1495
751
8249
8745
2541
5749
8882
5905
7923
9449
2553
5440
3340
8168
4390
5491
1778
2632
6256
740
296
1338
2693
4667
913
2829
3425
15
9829
259
1331
539
3270
5753
2783
93
8068
8545
8384
4046
766
2881
4358
9064
8540
2773
5019
4547
826
4582
1672
6078
9804
7640
9238
554
6815
3683
1741
1342
7686
8726
7397
6453
5862
7053
698
1769
8339
3753
6163
6862
8942
8002
3026
5349
457
5765
2570
7220
3247
1421
9162
4901
6878
7482
3167
6846
9342
7042
6414
8207
4278
9516
5216
2154
9328
1712
7004
7032
3115
9206
7541
7369
7947
8834
3745
1831
9010
4418
9515
7705
1101
2948
3443
2011
4197
5141
3525
8522
2259
7906
8067
9941
3016
9680
1265
2839
4147
5283
4047
8435
8025
3244
6
4453
755
215
3949
4081
5071
3424
5009
9864
492
697
3378
5341
641
2660
1035
752
9367
4009
8521
214
9349
540
8161
7257
9697
9348
3046
3279
3487
8841
2230
8636
7446
9096
1076
1952
6864
6504
1177
2516
6226
320
1790
8790
7899
4120
8101
6022
2606
2333
4616
1583
9971
8506
1463
5254
126
7299
989
519
3911
4164
2968
5705
2015
5494
4946
6281
7526
8275
4800
4002
6070
1969
8131
7171
4396
6398
3428
4884
9111
88
1615
8368
6493
8883
5933
2120
6312
5582
274
852
6920
7612
7283
6597
1098
9524
7052
3414
2576
5524
9177
7229
5600
431
6760
2218
414
1798
6328
3387
4238
542
6057
5408
9909
3384
8938
7685
9473
5391
4993
6798
6539
7893
4052
6910
2846
4352
7745
257
9634
2557
3935
7128
2335
889
454
677
8535
3886
7833
6751
6608
2060
9290
2837
138
9660
2498
604
4903
9796
6457
4463
645
524
308
6177
5911
5798
5169
9448
7998
4427
6092
5604
8576
8167
1313
846
6164
2176
9400
4024
8959
1985
5008
4756
2945
8673
7320
3592
5018
4456
8763
3936
807
3925
4312
1870
3578
7558
2481
1000
1144
2093
2941
9001
1451
275
8407
966
2532
402
5331
538
4810
1593
9850
5455
322
6353
4898
6488
2067
2095
5338
5860
1688
6313
1594
1936
498
6325
5268
8606
5287
4863
6426
793
6309
4345
2951
8200
4579
6452
7384
3727
9234
2106
8921
6830
7566
6784
2181
8654
3724
6905
8859
1628
404
9217
4618
592
9541
1720
5132
7714
3366
8770
1344
9361
1410
8166
9769
9927
2163
3315
3647
9559
9567
2957
4877
9045
5238
1110
309
334
4611
7803
3145
329
1621
1650
3200
4094
3909
5222
1756
9119
73
8114
4195
3974
7270
8886
2564
4483
2162
1570
5364
6150
3956
5484
3552
9753
8160
830
2400
4640
7838
238
5046
2183
9372
6112
325
1520
5290
3751
6438
458
7420
3513
7674
2464
7179
7170
8042
9051
4635
7454
8159
4996
5821
1893
4845
7055
3681
6534
694
3829
7374
6822
8052
3496
3577
4484
7169
7119
8014
8799
8930
7850
1148
5812
7601
4072
1002
2716
8962
179
9253
5839
3988
4387
4379
3966
1140
1147
4959
5715
9712
8476
7289
2806
696
4896
9540
6806
1981
799
9259
9014
3702
3726
9722
2496
6063
4134
1787
5748
1399
737
9863
3932
235
7519
5586
3912
8335
2307
7817
2004
7505
8534
750
545
8586
6200
5908
6867
7697
9732
9202
6023
248
7400
5771
4381
6290
7990
5328
2687
4362
8381
3094
1733
8015
4697
9938
6151
5274
9318
7455
1498
7986
6520
8603
2992
4782
2656
8760
8239
3101
8493
7047
2334
827
2587
9161
7429
8489
8564
5682
2934
7820
9262
1815
4252
2892
1361
475
9314
5515
9434
9472
9221
7188
2243
1482
5453
1261
7232
7401
3440
5631
765
3820
865
5947
5983
6602
4585
7574
8993
9189
7600
9102
5142
6274
8982
4133
6853
7199
2950
8218
934
6385
1478
6267
6567
7959
408
8660
3700
6364
2820
7979
997
2258
7511
8392
9283
4422
9924
4406
7037
9141
3320
1151
7994
5444
3147
5525
1779
2620
5157
375
1822
9170
5831
1113
1011
507
6440
6559
7982
3007
4088
1728
8169
1682
6255
9556
2116
3350
6767
722
5188
9899
7148
3989
8800
4653
5561
5694
8090
504
1584
3041
3268
3018
4949
6123
7954
7124
1046
8754
4138
2986
8550
6086
5043
3913
4411
3173
4341
1251
4189
8808
3809
3900
9199
1469
5446
5769
9898
4868
2763
1984
5017
5607
1501
5701
9739
9574
3640
7613
3190
9903
4388
6386
3015
4764
2140
452
4832
7700
4325
4272
7015
78
3608
7218
4722
3530
7361
1875
7176
8305
9313
9549
8814
7177
5099
2729
7294
3855
9531
1555
8250
5724
376
6034
3905
7656
3759
201
9609
1102
8619
3506
4977
1426
382
1648
8674
4566
7376
1753
7432
1250
5144
4904
1185
8773
3586
1710
3237
9775
3184
5782
8625
6295
2370
6980
3919
3352
5744
2679
8201
7848
870
9777
5475
6412
785
7159
873
6969
6884
3283
9721
9685
3245
9993
9625
2996
3323
3741
951
2625
3310
3153
2900
8498
505
9597
2811
8630
4027
7791
6926
8833
7336
4152
8503
970
6925
6058
8045
9573
787
4441
7773
5954
8617
9393
45
8748
4266
8080
3547
3495
1079
6552
2390
1224
4201
7382
1400
3955
909
2108
4518
8809
1081
8592
2342
9840
6484
4223
5372
6706
881
3444
5761
3344
4755
8601
7416
5194
3296
6028
1802
3893
3070
3995
859
251
2898
9097
8784
7252
6670
4391
191
3093
2854
7696
7667
1512
2925
5654
6743
1716
94
429
1791
3224
7141
1199
9013
9130
3757
1823
8821
5508
8431
5123
8529
9657
7632
8323
7781
32
8704
7628
5939
6605
7871
5229
3289
7595
8501
5261
5653
9551
447
9684
5826
3838
3898
6061
1973
6340
8076
4103
5373
425
7488
3789
6824
7045
6692
8436
2345
6135
106
6979
4273
6337
2141
2353
5678
8124
9996
7192
9332
6225
7427
6062
1653
5380
1581
9464
2046
7904
907
8511
9192
2975
4696
9151
2079
8605
9023
6026
8839
7715
8294
2991
5842
6636
1950
1529
7879
8811
3766
653
7578
5816
6741
1499
3891
7404
6430
8793
7435
1312
3199
6810
5088
1906
3522
341
6354
1587
9442
7760
5247
9715
7866
4151
7706
1731
3069
5037
1729
9155
3887
9990
1994
5794
1543
6217
5671
3558
8621
2302
8396
4398
6838
6571
2628
9042
2094
9370
338
8915
8156
9554
1324
3754
3692
1193
4976
3655
152
3121
2303
3185
6844
6266
5613
5385
3747
7970
3844
1213
8828
9415
55
1637
6373
9886
6429
8620
7878
8717
2605
4098
9303
8829
66
1186
608
2614
8710
7957
2266
6965
1549
5262
3690
8492
3030
6595
8312
2143
5072
6319
1586
9761
3895
200
6951
8796
6305
4216
6968
1715
8734
4214
2152
7528
183
7615
812
3971
4473
541
7948
5745
7314
810
7030
6258
1663
3125
3375
5514
4083
4369
5925
4439
4416
9815
5272
6366
2465
4517
2225
4097
8616
9946
4789
5180
2810
741
9113
1496
500
624
8633
625
3447
4932
4842
2292
4437
4905
638
5562
8279
3559
1955
4779
2912
2937
2623
1895
6118
6788
1345
2969
6553
1360
9073
5085
8348
1299
4939
4771
8376
3195
8819
8387
1699
3494
5152
4988
6574
7104
9616
2413
7995
3438
8913
3629
9942
3585
5679
5401
5438
981
4243
867
9888
6510
2142
2118
5700
8296
1922
9826
3047
6383
3144
339
4459
7059
6915
6677
5902
3880
4775
2511
7796
9978
5882
7846
5131
9250
1084
8663
9082
5661
2601
4821
6348
2719
9225
361
3885
7501
5546
9635
6017
8083
9182
1841
3520
6104
7190
8986
7466
4957
4572
7873
2287
2488
8598
4071
4091
5575
8378
9046
3920
1039
4050
1884
7793
7953
8903
1198
6724
6210
4738
6676
4987
715
8900
1792
5850
5601
4244
7645
4100
1644
4355
4824
2219
4064
7280
9229
5906
6139
4819
64
7493
2799
1375
5960
3926
7031
6027
7649
7208
5345
4866
9194
7430
3369
6253
5062
9047
4606
7910
7909
6204
5477
4734
3645
5248
5039
1380
6371
2367
8304
1658
6049
5876
6419
5379
8346
5971
4647
8357
6351
7762
4735
5926
7564
7616
4532
3977
5414
7523
5358
5615
9545
8472
128
2865
2428
1160
3393
2979
7842
8241
1030
4253
7457
9814
8934
2384
733
4709
9637
7499
265
1047
5866
8563
1126
5704
2250
1414
2156
5579
5969
844
148
2090
6317
2244
9438
9357
1757
3423
17
6744
3073
6084
2220
4525
9416
5371
709
8755
3382
4818
3132
1248
9501
8194
2692
1537
3850
9075
4257
5594
2882
9890
5535
9858
5209
416
1575
2607
8778
4962
8338
8084
7018
304
9910
267
6626
9129
5223
1975
5790
5521
9805
4837
8060
4672
6413
5044
6377
6938
7107
5233
6696
5275
7026
5567
1042
8099
8597
5089
2019
5907
3873
9944
5317
3265
6170
145
6851
9513
2668
1808
7236
1232
4310
3791
8345
4772
5499
2024
1538
9849
3804
9663
2222
7624
5028
6224
6223
4982
8016
1914
2542
1026
4790
7130
6749
5226
4626
1873
2938
246
3249
8293
173
3129
9792
7719
7414
3774
1386
8789
8515
4209
2512
7777
5657
5355
6647
5171
5215
1264
2455
4975
4983
5108
7070
5602
3508
1868
5352
1916
8106
8327
2096
3983
5356
7890
3835
7689
6658
6444
851
2738
5497
6077
7742
4124
9034
225
9468
9912
4477
5230
2723
4487
7603
5619
435
1133
9450
6422
4455
7502
9614
6560
2355
5077
4491
5051
4365
4044
5880
2253
5249
3108
2478
347
9724
9281
188
8423
4954
3992
2880
7160
9883
6632
6791
3532
8836
6610
6949
439
9768
9227
8720
8802
6297
2395
1491
8333
3160
8996
2884
8341
1257
9632
628
5976
4694
8750
1208
9176
7153
6943
4621
7255
2234
6347
4073
4270
3733
5295
9695
7470
4297
2420
204
4588
7066
1130
2732
6464
2486
2600
2879
2561
9958
4563
2146
1755
1889
8795
5256
9122
3012
436
9655
4218
3099
5948
1623
4569
3806
4671
1043
3596
328
2728
8412
9269
5335
1523
8914
1976
4320
596
5544
5786
1935
8180
3475
8429
3063
3052
9742
6863
403
5711
5841
3781
9736
3867
5596
2736
3680
9424
1392
1173
6543
3104
9201
9867
1309
528
7580
1387
8738
9174
1054
8973
3157
9461
4106
552
7123
2932
5210
7390
1590
9273
6275
237
7779
5555
5649
5082
3562
2098
8951
7180
5154
2754
6311
8865
3192
5775
9289
2706
9437
2507
4670
4336
1167
2525
4032
1673
1437
5845
627
5560
6138
6975
3262
6405
4075
9861
13
1092
6071
4293
3337
9139
6111
1441
6625
8017
7150
5080
9006
3770
9911
3072
1249
4233
7038
1664
4275
7980
8391
8970
2318
9459
305
8464
2459
9591
838
5856
3
288
5147
2617
3278
3923
4176
6016
4811
560
2499
8831
2407
1999
6780
4377
7571
2776
3565
2691
9074
8319
1519
6178
4835
4565
4140
3550
7193
764
261
5669
149
9197
4219
1966
2579
6469
8999
3082
4157
6120
202
4268
5482
5183
6570
2300
252
7977
7154
3676
1378
1152
1254
4221
3485
4489
8419
39
3515
7105
7964
9352
8030
8987
8729
3957
967
5265
4199
9878
1793
455
4915
8508
5054
6789
6927
8374
5150
5374
4793
4043
2851
9374
3894
4716
1971
1483
7661
4940
6054
9994
8767
256
1742
2866
2010
1806
3471
8547
5271
1412
9970
1220
8209
7156
6002
4641
7108
4042
5078
6783
7194
2020
7521
7708
68
161
619
8208
4681
5042
386
3899
9553
4322
1667
1034
6100
6549
4105
3188
1813
156
9150
8075
377
8037
1980
7476
234
6730
1246
7865
8894
22
8256
2761
5135
9337
9388
6280
7391
7366
8150
1436
3455
5151
2835
6669
779
5481
4931
9831
4435
5597
4159
4488
284
9668
1938
635
546
938
56
7474
7710
5092
4910
6441
5110
1789
333
4956
8995
6448
2365
5872
3869
5655
1571
3452
6973
6159
3345
6421
6038
4065
629
5107
8950
28
2288
499
9639
9117
8165
4165
3716
1695
1678
8610
8816
976
1233
4037
3671
8669
5122
2867
7344
3535
8981
5859
7091
3996
9033
400
9808
9891
7590
6043
1242
8923
1574
467
97
7864
459
1833
522
7157
3963
8964
1176
6306
2841
3331
3984
5731
968
4657
344
6876
4005
5109
1993
3317
4638
6923
9973
4163
3823
9331
1861
1383
8363
9509
2659
3632
7137
3029
2297
2144
7372
273
3135
5752
4656
2502
3164
6615
525
2457
7101
1226
9866
3765
58
6238
6359
3358
5442
3432
34
3404
839
9934
6494
3934
1794
5574
2813
9368
1425
3461
5944
3457
1631
468
7048
7393
8445
6499
5377
8483
8692
950
7235
5502
4704
1777
901
4862
1139
159
5848
5881
2064
747
480
6471
8397
8094
2794
1783
1111
5470
7536
3462
8217
228
7888
3659
2994
2771
9178
4717
7673
8939
8184
3769
569
493
2224
9359
3014
3840
3877
3330
1760
7498
3879
5398
3812
7815
36
6036
2864
746
6972
6721
7950
6272
8032
2621
1869
508
704
8247
2077
727
5832
7845
6620
3918
6099
1825
2649
8400
6434
7005
6849
1052
8958
7484
4829
443
9369
5125
5347
6736
9778
1178
5394
3819
6819
7204
2238
7292
4407
5702
2232
8948
1423
8367
3429
8769
5852
3670
2148
1680
2293
5541
6143
1055
3616
2073
832
1118
6654
1862
3209
9350
5416
4658
306
9475
9058
9737
4248
4926
9050
2847
9380
4973
7991
1509
8718
5982
301
3594
2519
2883
4029
943
9834
2708
4370
984
688
1253
4766
1284
3777
6142
7801
8439
8447
8627
460
8047
4299
1446
2237
4554
1761
845
4692
1210
591
5313
4805
6352
763
8593
206
9469
8968
7165
2797
7503
4101
2537
1340
3353
4721
1346
8966
80
8569
6742
4881
4492
5464
3417
7690
3449
5318
1124
7584
8258
1029
4305
2565
7279
5289
4007
2967
3815
2467
6365
1161
1486
7295
1465
4451
8128
27
9629
4889
9011
6555
9277
8461
3151
8818
6645
8053
6651
3527
9307
6997
3796
3786
1843
3635
2022
8069
3342
2316
1647
4630
115
220
8352
84
4329
1945
5301
6799
6787
253
8479
497
2652
2454
6211
385
5962
3368
2080
3114
7216
7187
6341
4992
2483
2357
6734
843
3272
7230
1608
7660
5191
6263
1300
8236
5113
7464
4867
7387
5325
954
1497
3582
4267
6476
83
5428
5772
9746
5918
7278
4979
2701
91
8178
2577
323
7231
745
8257
3203
1028
9720
1275
8742
9600
8434
3580
2304
4035
9604
7999
6663
1089
2291
3975
1456
9134
8956
7776
47
381
8278
6244
4804
973
4587
49
139
3191
2325
7339
1812
1633
651
2110
2982
3098
420
9577
2715
7836
4499
4092
8271
6361
2119
5415
5011
3139
9418
6941
5648
5622
5417
8478
9502
9278
1983
983
1652
4712
5899
4401
6940
67
8137
1902
3229
7662
9788
8073
2725
738
7847
4417
8406
3383
9131
7140
7100
2429
1077
1479
882
6229
6653
7875
1744
1050
4718
2575
9209
582
4413
9507
8810
7872
4861
5128
7668
8228
3004
9410
7122
994
4741
9090
2211
6473
634
4206
6333
478
3627
855
8260
1860
2485
7331
3056
6958
2147
2637
1310
7992
4285
767
3089
7903
5253
2184
4662
4317
8824
1037
4543
5568
7704
1457
7274
4154
6192
4728
8626
3364
1675
6338
5824
1649
5467
5469
680
3187
4693
982
6380
5951
7805
9921
861
3335
389
8947
9852
4309
7223
5519
6629
9894
4899
8314
2256
3112
7448
7855
5609
2730
3783
4308
133
1032
9292
9105
4646
5005
6825
61
3590
2677
7442
8525
8432
7198
6148
5472
6723
8324
9607
5572
7253
8683
5034
3597
1294
2091
5847
3826
82
7914
4720
5457
7772
8328
7646
281
5129
3091
1228
7131
2343
7356
4348
7418
1775
3605
1724
9266
4880
8557
6991
2274
2874
1215
4078
5809
221
1597
5333
4908
7449
4854
394
7061
4830
7285
1263
813
9615
4363
6479
3146
7012
5992
7306
8033
62
1551
8672
4871
4567
2351
7302
600
9811
2757
7182
605
2470
37
4816
5968
3639
8055
675
7883
5362
3720
6576
1
8542
2075
5334
5291
7358
5133
7346
8936
7826
9670
7680
3613
1252
9960
3646
5458
2198
8697
4928
8715
521
5503
1553
4118
8499
3641
1859
3123
4900
5961
1737
7023
3566
9620
949
5548
5778
3359
6408
368
2908
6886
3062
537
4192
5635
919
5158
7549
5395
9241
1066
3478
3138
1891
4436
647
7417
8417
2242
3907
7604
1507
1701
8944
2509
8523
5500
4116
1912
1643
8980
1169
3413
6489
3204
7175
1431
2190
4918
4762
2680
1278
1578
3699
2974
8096
7734
8310
1154
4736
8129
8113
9179
5592
379
1576
773
7132
8575
8969
2329
1341
7955
1217
4651
795
3628
5010
8584
6630
410
4792
3721
3947
8132
3990
1104
7214
9451
3045
5904
5689
1607
7884
3528
1150
9382
3169
9205
3784
8157
9610
2113
422
4331
8408
2196
2710
1545
9385
8482
2913
961
9298
6917
5858
5584
1095
6157
6286
3395
230
3534
9508
5909
9743
4394
4521
5783
7281
2474
3514
587
923
8234
6321
194
4770
6872
7537
3372
9018
9084
6662
8281
9381
9002
7142
3803
3571
7790
4306
6269
5764
622
5533
3998
5013
6592
4277
9546
657
5409
9827
6916
3250
1544
8843
9358
3068
1106
3399
7840
6641
9441
1484
7746
7512
2997
6718
3042
8527
316
4149
8103
7371
441
6928
896
5308
8854
9809
5342
5366
6335
8078
4429
2298
1659
1624
7163
1306
1369
7830
461
3291
9702
3322
1012
8342
7003
4461
510
196
1013
9094
4018
396
3328
4173
5768
8771
6122
9043
135
1679
6529
3336
8552
9040
4342
182
9790
9271
749
7911
297
9749
4823
7550
9186
2330
7587
9730
1163
7524
7969
7902
2838
4460
7631
330
6140
7413
8244
9412
9302
3569
8856
2720
2618
6600
3223
8631
3543
1105
1413
8706
2790
3086
9641
3502
7753
2638
6512
8537
5121
6402
6962
9729
8881
4399
8820
98
9115
9485
8768
2657
7054
3117
8097
815
9587
3078
6847
4684
8177
945
1627
3688
445
7804
7225
8000
6515
1951
1225
5505
3205
4502
2684
664
4752
5368
2984
3775
557
6389
6883
7317
8270
5726
136
4208
4291
3442
6763
1591
4247
7321
1856
1962
6556
3674
9160
7650
1395
1662
5410
2696
893
5047
8299
5219
5048
9646
7362
7271
5178
4148
7555
4698
9801
5802
6631
8676
3625
3206
2201
4393
390
5537
9856
1626
3623
5412
8740
9937
6874
4917
5111
965
944
7330
8516
4864
1277
2726
2993
8695
103
3275
428
8759
5806
6079
6367
9843
8979
3259
1588
7698
9275
9617
7303
4687
2853
46
9351
8149
720
6437
326
1448
589
9806
1770
2554
9244
6963
1888
9526
3149
6802
9836
2178
8761
7168
96
3954
9821
2954
7702
3622
4112
9948
8020
3066
7155
8263
5552
3573
9735
9853
76
1442
2833
1196
3454
566
6768
5988
9654
8693
1141
4526
5895
6821
8086
4479
3439
4519
9860
5093
6717
2324
9940
6074
3156
9665
1786
2229
9336
5511
5451
4433
939
1008
9439
5278
7301
3710
9026
5421
7539
6580
7085
4875
4710
3451
6971
5330
2909
2588
2081
1970
5439
7548
4548
1188
9106
9187
2873
2786
5706
52
7583
4123
3011
9982
7241
9951
8359
4737
4220
6912
2208
7436
3419
8488
9588
5021
9598
4376
1069
8805
5189
2857
3768
3717
6985
2352
207
116
8416
6737
1685
3166
3808
8427
6856
1359
9885
6952
4205
4249
684
366
104
4056
5296
3698
6381
168
1287
3075
4108
2536
6766
1097
6646
1352
6323
2931
1926
3095
337
5399
3064
6109
9420
5799
60
6363
2765
4989
8736
8505
6842
7679
4727
726
1979
2768
931
2442
