184
113
484
332
396
760
828
686
431
642
186
188
83
563
189
303
399
9
98
483
501
784
243
162
702
543
703
229
426
302
927
441
259
586
908
576
24
597
560
969
469
353
80
905
630
388
25
646
273
301
152
260
305
370
497
444
699
172
453
360
459
241
401
61
683
251
621
655
16
205
494
714
500
524
325
158
471
118
19
704
51
313
58
139
863
429
70
295
749
457
53
195
561
227
727
558
481
930
674
823
876
68
574
565
42
947
145
222
625
408
121
779
413
169
801
781
212
554
785
450
520
562
378
825
462
546
999
231
430
933
802
590
878
654
201
595
854
611
592
410
900
866
622
807
840
628
589
967
820
848
953
517
605
329
706
787
147
549
935
928
780
45
361
525
656
174
278
196
943
246
403
599
756
330
959
402
647
620
233
983
809
832
369
159
119
237
845
87
974
324
256
677
808
892
901
733
417
976
460
105
404
27
805
47
335
569
287
333
490
601
643
415
102
767
443
244
600
132
618
713
926
612
662
266
261
804
5
161
896
88
975
844
171
803
274
95
868
394
498
86
217
194
899
407
436
827
228
851
62
13
997
958
30
281
180
957
73
909
8
849
843
572
841
140
79
956
659
116
2
874
93
695
248
708
954
354
288
338
485
489
577
412
671
31
131
540
661
588
192
678
739
526
838
437
816
276
255
609
468
176
107
890
384
667
529
623
454
977
946
110
619
980
664
998
955
127
616
359
669
902
726
307
689
826
375
587
476
218
183
846
185
861
166
835
626
208
768
579
167
493
190
962
238
41
972
52
137
911
508
847
819
638
510
236
352
115
347
427
78
371
211
317
291
258
310
627
491
103
917
270
175
968
903
687
100
791
789
557
742
786
391
134
263
559
700
439
488
693
921
707
191
650
653
994
344
4
461
710
351
907
594
299
624
219
129
665
989
268
880
815
397
679
472
581
84
869
138
382
400
76
570
720
81
990
685
875
568
170
566
813
434
839
758
367
635
551
580
21
523
357
936
774
168
652
511
487
223
884
648
929
670
859
157
316
428
289
986
35
380
348
887
631
323
421
363
857
178
895
345
762
924
575
811
467
230
681
452
979
504
123
694
449
34
39
94
696
886
632
368
556
215
216
160
355
479
535
794
544
948
36
336
284
752
893
697
950
438
750
942
850
136
916
220
518
764
456
806
812
253
637
795
519
214
775
915
221
744
506
940
477
748
478
988
765
56
321
755
405
7
814
810
941
821
918
458
772
250
698
15
672
531
224
842
209
18
596
745
235
985
326
730
754
339
423
32
187
539
337
951
122
395
800
322
738
383
833
424
33
0
300
692
269
149
666
573
879
239
891
777
59
690
406
492
964
206
691
952
751
362
442
198
680
398
71
705
858
495
553
614
226
411
888
872
521
135
381
364
797
564
75
210
719
104
92
74
716
984
90
822
346
855
788
141
729
737
40
272
937
10
538
85
657
759
309
109
146
894
914
675
991
50
532
304
798
320
515
717
598
432
898
963
290
602
142
889
282
294
603
992
617
771
528
254
496
542
615
144
114
644
82
982
782
66
155
824
503
377
28
640
993
793
11
57
919
931
629
463
960
422
645
473
864
552
271
315
26
541
499
433
584
292
818
298
120
67
22
247
165
311
350
202
920
69
349
46
773
606
853
778
106
117
783
314
466
582
925
636
512
286
766
736
418
688
829
181
513
486
232
904
249
836
173
502
203
150
715
530
130
536
318
14
23
257
965
634
608
277
297
54
578
852
684
583
837
862
949
747
663
179
912
537
296
724
527
143
718
197
447
99
776
939
610
792
124
17
148
987
414
342
770
830
996
651
416
932
790
913
445
660
639
177
923
547
883
65
722
731
163
871
732
753
682
763
327
420
72
746
676
293
112
29
12
817
545
265
796
451
125
740
533
978
331
856
225
43
111
164
312
252
387
509
6
723
514
761
897
193
154
126
945
44
885
966
870
280
204
133
881
465
207
319
701
728
944
906
341
374
97
567
970
262
658
3
712
89
376
390
108
860
283
448
507
735
973
366
522
419
63
550
548
867
971
245
455
64
285
392
38
734
604
757
393
995
234
474
264
279
591
633
267
372
505
385
743
938
182
37
709
340
425
981
882
865
356
200
446
96
55
328
831
934
769
101
799
668
711
358
571
60
128
585
48
721
49
365
922
153
275
1
673
475
440
306
834
873
151
961
213
242
199
20
334
877
741
91
725
409
435
77
534
386
156
555
910
389
593
373
607
464
379
480
613
308
470
240
343
516
641
482
649
